male,age_categorical,married,education_categorical,race_categorical,alc_outlet_density,binge_drink,neighborhood_id
0,1,0,3,3,39,0,1
1,2,0,2,2,42,0,2
1,1,0,2,2,42,0,2
1,2,0,2,4,42,0,2
1,1,0,3,3,42,0,2
0,1,0,3,2,42,0,2
1,1,1,1,3,42,0,2
1,1,0,4,2,42,0,2
1,2,1,3,2,42,0,2
1,2,1,2,4,42,0,2
1,1,0,3,2,42,0,2
1,3,0,3,3,42,0,2
1,2,0,4,2,42,0,2
1,2,0,3,2,42,0,2
1,1,0,2,3,42,0,2
1,2,0,2,1,45,1,3
1,1,1,4,1,45,0,3
1,1,0,4,3,45,0,3
1,1,0,4,4,45,0,3
0,2,1,1,3,45,0,3
0,1,0,1,3,45,0,3
1,2,0,3,3,45,0,3
0,1,0,3,1,45,0,3
0,1,0,2,2,45,0,3
1,3,0,2,3,45,0,3
0,1,0,2,2,45,0,3
1,1,1,2,2,45,0,3
1,3,1,3,4,45,0,3
1,3,0,2,4,45,0,3
1,1,0,3,2,45,0,3
1,2,0,2,4,45,0,3
0,2,0,4,3,45,0,3
0,1,0,2,4,45,0,3
0,1,0,3,1,45,0,3
0,1,0,2,2,45,0,3
0,2,0,3,3,45,0,3
1,2,0,4,3,45,0,3
1,2,0,3,3,45,0,3
0,2,0,3,2,45,0,3
1,2,0,4,3,45,0,3
1,1,0,1,2,48,0,4
0,3,0,3,3,48,0,4
0,1,0,1,2,48,0,4
0,3,1,4,2,48,0,4
0,1,0,4,1,48,0,4
1,2,1,3,2,48,0,4
0,2,0,3,2,48,0,4
0,3,0,3,2,48,0,4
1,1,1,4,4,48,0,4
0,4,0,1,2,48,0,4
0,3,0,4,2,48,0,4
1,4,0,4,2,48,0,4
1,2,0,1,1,48,0,4
1,3,0,1,3,48,0,4
0,1,0,2,4,48,0,4
1,1,0,3,2,48,0,4
0,2,1,3,2,48,0,4
1,2,1,3,1,48,0,4
1,3,1,2,3,48,0,4
1,2,1,4,1,48,0,4
1,2,0,1,1,48,0,4
1,2,0,2,3,48,0,4
1,4,1,4,4,48,0,4
1,3,1,3,1,48,0,4
1,4,1,4,4,48,0,4
1,3,0,1,4,48,0,4
1,3,0,3,4,48,0,4
1,3,1,1,2,48,0,4
1,2,1,4,1,48,0,4
0,4,0,4,2,48,0,4
1,1,1,2,4,48,0,4
1,1,1,2,1,48,0,4
1,2,0,4,3,48,0,4
0,2,0,3,3,48,0,4
1,2,0,2,1,48,1,4
1,2,0,4,2,48,0,4
1,1,0,3,1,48,0,4
1,3,0,2,2,48,0,4
0,4,0,4,3,51,0,5
1,1,0,3,1,51,0,5
0,3,0,3,2,51,0,5
1,4,0,3,4,51,0,5
0,1,0,4,1,51,0,5
1,2,0,4,1,51,0,5
1,4,0,3,3,51,0,5
0,2,1,4,1,51,0,5
1,3,0,2,3,51,0,5
1,4,1,3,1,51,0,5
0,2,1,3,3,51,0,5
1,3,0,3,1,51,0,5
0,2,0,3,1,51,0,5
1,2,0,2,1,51,0,5
1,2,0,4,4,51,0,5
0,4,0,4,2,51,0,5
1,2,0,2,2,51,0,5
0,3,0,4,2,51,0,5
0,1,1,1,2,51,0,5
0,2,0,4,4,51,0,5
0,2,1,2,3,51,0,5
0,2,1,3,3,51,0,5
1,1,1,2,4,51,0,5
0,3,1,2,4,51,0,5
0,4,1,2,3,51,0,5
0,5,0,2,3,51,0,5
1,3,0,1,2,51,1,5
0,4,0,2,2,51,0,5
1,3,0,2,2,51,0,5
0,3,0,4,1,51,0,5
0,3,0,3,1,51,0,5
0,3,0,2,3,51,0,5
0,2,1,1,1,51,1,5
1,4,0,1,2,51,0,5
1,4,0,2,4,51,1,5
0,3,0,2,2,51,0,5
1,1,1,3,2,51,0,5
1,2,1,2,1,51,0,5
0,2,1,3,4,51,0,5
1,4,0,3,1,51,0,5
1,4,1,2,2,51,0,5
1,4,0,2,4,51,0,5
0,4,0,4,4,51,0,5
0,3,0,2,3,51,0,5
1,3,0,3,2,51,0,5
0,2,1,2,2,51,0,5
0,1,1,1,3,51,0,5
1,5,0,3,3,51,0,5
0,2,0,1,4,51,0,5
1,3,0,4,1,51,0,5
0,3,0,2,3,51,0,5
1,3,0,3,3,51,1,5
0,1,0,1,3,51,0,5
0,3,0,4,3,51,0,5
1,2,0,3,3,51,0,5
0,2,0,2,2,51,0,5
1,1,0,3,1,51,0,5
0,1,0,1,3,51,0,5
0,3,1,1,2,51,0,5
0,2,0,2,4,51,0,5
1,1,0,4,3,51,0,5
0,3,1,3,3,51,0,5
0,3,1,3,4,51,0,5
0,3,0,1,2,51,0,5
0,3,0,3,2,51,0,5
1,2,0,1,3,51,1,5
1,2,0,3,1,51,0,5
1,2,0,3,2,51,0,5
0,2,0,3,1,51,0,5
1,2,1,1,2,51,0,5
1,2,0,1,1,51,0,5
1,4,0,1,4,51,0,5
1,2,1,4,2,51,0,5
1,3,0,1,3,51,1,5
0,5,0,3,4,54,0,6
0,4,1,1,2,54,0,6
0,2,1,1,1,54,0,6
0,4,0,4,2,54,0,6
1,3,0,2,4,54,0,6
0,3,0,3,2,54,0,6
1,2,1,4,1,54,0,6
1,5,0,2,3,54,1,6
1,4,0,1,1,54,1,6
0,1,1,4,3,54,0,6
0,5,0,2,3,54,0,6
0,3,1,1,2,54,0,6
1,4,0,3,2,54,0,6
1,4,1,3,3,54,0,6
1,3,0,1,3,54,1,6
1,2,1,1,1,54,0,6
0,5,0,2,4,54,0,6
1,3,0,1,2,54,1,6
0,5,0,4,1,54,0,6
1,2,1,1,1,54,0,6
0,1,0,3,1,54,0,6
1,5,0,2,3,54,0,6
0,2,0,3,1,54,0,6
0,1,0,4,3,54,0,6
0,6,0,3,2,54,0,6
0,3,0,4,1,54,0,6
1,4,1,4,4,54,0,6
1,5,0,3,1,54,0,6
0,5,0,4,4,54,0,6
1,4,1,3,1,54,0,6
1,5,1,2,1,54,0,6
1,3,0,2,1,54,0,6
0,4,0,3,1,54,0,6
0,2,0,3,2,54,0,6
1,1,0,4,2,54,0,6
0,3,0,3,3,54,0,6
1,2,0,4,4,54,0,6
1,1,0,3,1,54,0,6
0,3,0,4,2,54,0,6
0,5,0,1,3,54,0,6
1,2,1,3,4,54,0,6
1,3,0,4,4,54,0,6
1,3,1,4,4,54,0,6
1,2,1,2,1,54,0,6
0,3,0,1,3,54,0,6
0,2,0,3,3,54,0,6
0,1,0,2,1,54,0,6
0,3,0,4,3,54,0,6
1,2,0,1,4,54,0,6
0,4,0,1,1,54,1,6
1,4,0,4,2,54,0,6
1,5,0,3,3,54,1,6
0,4,0,3,4,54,0,6
0,4,1,1,2,54,0,6
1,3,0,3,2,54,0,6
0,4,0,2,3,54,0,6
1,2,0,2,1,54,0,6
1,5,1,3,4,54,0,6
1,2,1,2,2,54,0,6
0,2,0,3,3,54,0,6
0,4,0,3,4,54,0,6
0,3,0,2,1,54,0,6
0,4,1,3,4,54,0,6
0,2,0,3,3,54,0,6
0,1,1,3,3,54,0,6
0,1,1,3,1,54,0,6
1,1,0,2,3,54,0,6
1,3,0,2,3,54,1,6
0,3,1,4,3,54,0,6
0,2,0,1,4,54,0,6
1,3,0,1,4,54,0,6
0,2,1,3,1,54,0,6
0,5,0,3,3,54,0,6
1,5,1,4,1,57,0,7
0,1,1,3,2,57,0,7
1,4,1,3,2,57,0,7
1,2,1,1,3,57,0,7
1,2,0,2,1,57,0,7
1,3,1,4,1,57,0,7
1,1,0,2,2,57,0,7
1,3,0,1,3,57,1,7
0,3,1,3,2,57,0,7
1,5,0,3,1,57,0,7
1,4,0,1,1,57,1,7
0,3,0,1,4,57,0,7
0,5,0,3,4,57,0,7
1,5,1,3,1,57,0,7
1,3,1,2,3,57,0,7
0,4,0,3,1,57,0,7
0,5,0,2,3,57,0,7
0,2,0,2,2,57,0,7
1,1,0,2,1,57,0,7
0,5,1,1,2,57,0,7
1,4,0,4,1,57,0,7
0,5,0,3,1,57,0,7
1,5,1,1,4,57,0,7
1,2,0,2,3,57,0,7
0,4,0,3,3,57,0,7
0,4,0,1,3,57,0,7
0,4,0,4,1,57,0,7
0,6,0,3,3,57,0,7
1,3,0,2,1,57,0,7
0,4,1,2,2,57,0,7
1,6,1,4,4,57,0,7
0,3,1,4,2,57,0,7
1,2,0,3,2,57,0,7
0,4,1,4,3,57,0,7
0,6,0,4,3,57,0,7
0,6,0,2,1,57,0,7
1,5,0,1,1,57,1,7
0,1,0,2,1,57,0,7
1,5,0,3,4,57,0,7
1,3,1,1,2,57,0,7
1,5,0,3,3,57,0,7
1,2,0,2,1,57,1,7
1,5,0,3,2,57,0,7
0,3,0,1,3,57,0,7
1,1,0,1,2,57,0,7
0,5,1,4,3,57,0,7
1,3,0,3,1,57,0,7
0,4,0,3,4,57,0,7
1,4,0,1,1,57,1,7
0,2,0,3,1,57,0,7
1,4,1,2,1,57,0,7
0,1,0,3,2,57,0,7
1,1,0,3,2,57,0,7
1,2,0,4,1,57,0,7
0,2,0,2,1,57,0,7
1,1,0,2,2,57,0,7
1,2,0,2,3,57,0,7
0,2,0,1,1,57,0,7
1,4,0,3,4,57,0,7
0,5,0,2,2,57,0,7
0,2,0,2,3,57,0,7
0,2,0,3,2,57,0,7
0,2,1,4,1,57,0,7
0,4,1,4,3,57,0,7
0,3,0,2,1,57,0,7
1,4,0,4,1,57,0,7
0,4,0,4,2,57,0,7
0,4,0,3,2,57,0,7
0,5,0,4,3,57,0,7
0,1,1,2,1,57,0,7
0,2,0,3,4,57,0,7
0,3,0,1,1,57,0,7
0,2,1,3,2,57,0,7
1,4,0,4,3,57,0,7
1,3,0,4,3,57,0,7
0,4,0,3,1,57,0,7
0,5,0,2,3,60,0,8
0,6,1,2,3,60,0,8
1,4,0,1,4,60,1,8
0,2,0,1,1,60,0,8
0,2,0,4,1,60,0,8
0,2,1,3,1,60,0,8
0,5,0,2,4,60,0,8
0,4,0,3,2,60,0,8
1,4,0,4,1,60,0,8
1,5,0,4,3,60,0,8
0,2,0,3,1,60,0,8
0,5,1,1,4,60,0,8
1,4,0,2,3,60,0,8
0,2,0,3,3,60,0,8
0,2,0,1,1,60,0,8
0,5,1,2,2,60,0,8
0,6,0,3,3,60,0,8
0,5,0,3,1,60,0,8
1,1,1,2,3,60,0,8
1,5,0,4,4,60,0,8
0,4,0,3,1,60,0,8
0,5,0,3,3,60,0,8
0,5,0,3,3,60,0,8
1,3,1,2,2,60,0,8
1,5,0,4,2,60,0,8
1,2,1,2,1,60,0,8
1,3,0,2,1,60,0,8
1,2,0,4,1,60,0,8
1,5,1,4,4,60,0,8
0,6,1,2,2,60,0,8
0,6,0,2,2,60,0,8
1,3,0,3,1,60,0,8
0,5,1,3,4,60,0,8
1,2,0,3,3,60,0,8
0,4,0,2,3,60,0,8
1,4,1,3,3,60,0,8
1,2,0,3,4,60,0,8
1,5,0,3,3,60,0,8
0,4,0,2,1,60,0,8
0,4,0,2,1,60,0,8
1,6,1,2,3,60,0,8
0,1,0,3,1,60,0,8
1,1,0,2,3,60,0,8
0,2,1,2,2,60,0,8
1,2,0,2,3,60,0,8
0,1,1,2,2,60,0,8
1,3,1,2,1,60,0,8
0,2,0,2,1,60,0,8
1,2,0,3,2,60,0,8
1,3,0,1,1,60,1,8
0,6,0,2,2,60,0,8
0,4,0,3,1,60,0,8
0,4,0,1,1,60,0,8
0,2,0,4,1,60,0,8
1,3,0,2,3,60,1,8
0,3,0,2,1,60,1,8
0,2,1,3,1,60,0,8
0,3,0,3,1,60,0,8
1,6,0,2,1,60,0,8
1,5,1,3,3,60,0,8
1,2,0,2,3,60,0,8
1,5,0,2,1,60,0,8
0,5,0,4,2,60,0,8
1,5,0,1,2,60,0,8
0,3,1,2,3,60,0,8
0,6,1,3,3,60,0,8
1,6,0,4,1,60,0,8
1,4,0,3,1,60,0,8
1,4,0,4,2,60,0,8
1,4,0,4,3,60,0,8
1,2,0,3,2,60,0,8
1,3,0,2,2,60,0,8
1,4,1,4,1,60,0,8
1,6,1,1,1,60,0,8
1,3,1,1,3,60,1,8
0,5,0,4,4,60,0,8
0,4,1,2,2,60,0,8
0,5,0,3,1,60,0,8
1,6,0,2,1,60,0,8
1,2,0,3,3,60,0,8
0,3,0,3,3,60,0,8
0,2,1,4,1,60,0,8
0,5,0,4,3,60,0,8
1,5,0,3,2,60,1,8
1,4,0,2,1,60,1,8
1,6,0,2,2,60,0,8
1,2,0,1,2,60,1,8
1,2,1,3,1,60,0,8
0,1,0,1,1,60,0,8
0,2,1,4,1,60,0,8
1,2,1,3,2,60,0,8
1,5,0,3,3,60,0,8
0,5,0,3,3,60,0,8
1,3,0,2,2,60,0,8
0,4,0,2,4,60,0,8
0,4,0,3,3,60,0,8
1,3,0,1,3,60,1,8
0,5,0,1,2,60,0,8
0,5,0,3,4,60,0,8
1,6,0,2,1,60,0,8
0,6,0,3,1,60,0,8
0,2,0,3,2,60,0,8
1,4,1,2,2,60,0,8
0,2,1,3,4,60,0,8
0,3,0,2,1,60,0,8
0,2,1,2,3,63,0,9
1,1,1,2,1,63,0,9
1,2,1,2,1,63,0,9
1,4,1,2,3,63,0,9
1,4,0,1,1,63,0,9
0,4,0,3,3,63,0,9
0,1,0,3,3,63,0,9
1,3,0,2,2,63,0,9
1,1,0,2,3,63,0,9
0,3,0,1,2,63,1,9
1,2,1,2,1,63,0,9
1,4,0,1,1,63,0,9
1,3,0,4,1,63,0,9
1,5,1,4,1,63,0,9
1,1,0,2,1,63,0,9
1,1,1,4,1,63,0,9
0,4,0,1,1,63,1,9
0,2,0,1,3,63,0,9
1,3,0,3,2,63,0,9
1,2,1,2,1,63,0,9
0,6,0,3,1,63,0,9
0,6,0,1,3,63,0,9
0,1,0,1,2,63,0,9
0,1,0,1,1,63,1,9
1,1,0,3,2,63,0,9
1,5,1,1,1,63,0,9
1,3,0,2,2,63,0,9
1,5,0,4,1,63,0,9
0,3,0,3,1,63,0,9
1,4,1,1,1,63,0,9
1,1,0,4,1,63,0,9
1,6,0,4,3,63,0,9
0,5,1,3,2,63,0,9
0,4,1,2,2,63,0,9
0,4,0,1,2,63,0,9
0,4,0,3,4,63,0,9
1,3,0,3,2,63,1,9
0,2,0,4,1,63,0,9
1,3,0,4,2,63,0,9
1,3,0,3,2,63,0,9
1,3,0,3,4,63,0,9
1,4,1,3,3,63,0,9
1,2,1,2,1,63,0,9
0,6,0,3,1,63,0,9
1,4,0,1,2,63,0,9
1,1,0,2,1,63,0,9
0,6,0,4,2,63,0,9
0,5,0,2,1,63,0,9
0,5,1,1,1,63,0,9
1,5,1,1,2,63,0,9
1,4,0,2,2,63,0,9
1,5,0,4,4,63,0,9
0,2,1,3,3,63,0,9
0,4,0,4,1,63,0,9
0,2,0,3,2,63,0,9
0,3,0,1,1,63,0,9
1,3,0,4,1,63,1,9
0,1,0,4,2,63,0,9
1,6,0,3,2,63,0,9
1,5,0,2,1,63,1,9
0,3,0,2,2,63,0,9
1,1,1,3,4,63,0,9
1,6,0,2,3,63,0,9
0,6,0,3,2,63,0,9
1,3,1,2,3,63,0,9
0,2,1,3,1,63,0,9
0,5,0,1,3,63,0,9
1,5,0,3,2,63,0,9
1,5,0,2,2,63,0,9
1,6,0,4,1,63,0,9
0,6,0,1,2,63,0,9
0,1,1,3,1,63,0,9
1,1,0,2,3,63,0,9
0,4,0,1,1,63,0,9
0,1,0,3,2,63,0,9
0,5,1,4,4,63,0,9
1,6,0,4,1,63,0,9
1,1,0,1,1,63,1,9
0,5,1,2,2,63,0,9
0,2,1,2,1,63,0,9
1,4,1,1,2,63,0,9
0,5,1,3,1,63,0,9
1,3,1,2,2,63,0,9
1,3,0,2,1,63,0,9
1,6,0,2,4,63,0,9
1,4,0,4,1,63,0,9
0,1,0,3,1,63,0,9
1,4,0,4,3,63,0,9
0,2,1,1,1,63,0,9
1,3,1,2,1,63,0,9
0,6,0,1,2,63,0,9
0,5,0,3,2,63,0,9
0,6,0,4,4,63,0,9
0,1,0,2,1,63,0,9
1,4,0,4,3,63,0,9
0,4,0,2,4,63,0,9
1,5,1,2,4,63,0,9
0,4,0,4,2,63,0,9
0,4,0,2,2,63,0,9
0,5,1,3,1,63,0,9
0,4,1,1,1,63,0,9
0,5,0,1,1,66,1,10
1,4,0,2,3,66,0,10
1,3,1,2,1,66,0,10
0,2,0,3,1,66,0,10
0,4,0,4,1,66,0,10
0,3,0,1,1,66,0,10
0,1,0,2,1,66,0,10
0,5,0,3,3,66,0,10
1,3,1,2,1,66,0,10
1,2,0,1,2,66,1,10
0,5,0,3,2,66,0,10
0,4,0,4,3,66,0,10
0,3,0,2,1,66,0,10
1,6,0,1,2,66,0,10
0,4,0,2,2,66,0,10
0,1,0,4,3,66,0,10
0,4,0,2,4,66,0,10
1,1,0,3,2,66,1,10
0,3,0,2,4,66,0,10
1,6,0,2,1,66,1,10
0,5,0,1,4,66,0,10
1,2,1,4,4,66,0,10
1,4,0,3,3,66,0,10
0,4,0,3,1,66,0,10
0,6,0,3,1,66,0,10
0,4,0,4,1,66,0,10
0,1,0,3,4,66,0,10
0,4,1,2,1,66,0,10
1,3,0,3,3,66,0,10
0,3,0,2,2,66,0,10
1,3,0,1,1,66,1,10
0,5,0,2,4,66,0,10
1,3,1,3,1,66,0,10
0,5,0,2,2,66,0,10
1,3,0,3,1,66,0,10
1,4,1,1,1,66,0,10
1,6,0,2,3,66,1,10
1,2,0,3,1,66,0,10
0,5,1,1,4,66,0,10
0,2,0,1,2,66,0,10
0,2,0,2,1,66,0,10
0,4,0,1,2,66,0,10
0,5,0,1,3,66,1,10
0,2,0,2,1,66,0,10
1,3,0,3,3,66,0,10
0,5,0,2,1,66,0,10
0,5,0,2,3,66,0,10
1,1,0,2,2,66,0,10
0,2,0,2,2,66,0,10
0,6,0,4,1,66,0,10
1,4,0,2,3,66,0,10
1,2,1,2,3,66,0,10
0,3,0,2,4,66,0,10
0,3,1,1,3,66,0,10
1,2,1,1,4,66,0,10
1,1,0,3,1,66,0,10
1,3,1,2,1,66,0,10
1,4,0,2,3,66,0,10
0,2,1,4,3,66,0,10
0,2,1,4,2,66,0,10
0,1,1,4,3,66,0,10
1,3,1,4,1,66,0,10
1,5,1,2,1,66,0,10
0,4,0,4,3,66,0,10
0,5,0,1,2,66,0,10
1,3,0,3,2,66,1,10
0,6,0,2,2,66,0,10
0,1,0,3,1,66,0,10
0,2,0,2,1,66,0,10
1,1,0,2,2,66,0,10
0,2,0,2,2,66,0,10
0,3,0,2,2,66,1,10
1,4,0,4,4,66,0,10
1,6,0,2,1,66,1,10
1,3,0,2,3,66,0,10
1,3,1,1,3,66,0,10
0,2,0,2,2,66,0,10
1,4,1,2,3,66,0,10
0,1,0,3,1,66,0,10
0,5,0,4,4,66,0,10
0,4,0,4,3,66,0,10
0,3,1,2,4,66,0,10
0,5,0,3,3,66,0,10
1,1,1,3,4,66,0,10
0,4,0,1,1,66,0,10
0,3,1,1,3,66,0,10
1,1,1,2,3,66,0,10
0,2,0,3,1,66,0,10
1,3,0,3,2,66,0,10
1,4,0,3,1,66,0,10
0,3,0,4,2,66,0,10
1,3,1,3,2,66,0,10
0,2,1,3,1,66,0,10
1,3,1,4,2,66,0,10
0,3,0,3,2,66,0,10
0,4,1,3,2,66,0,10
1,5,0,3,1,69,1,11
1,1,0,2,2,69,1,11
0,6,1,2,4,69,0,11
0,2,0,1,2,69,1,11
1,2,0,3,2,69,0,11
0,3,0,2,3,69,0,11
0,2,0,1,2,69,0,11
1,6,1,2,4,69,0,11
1,3,0,2,3,69,0,11
0,4,0,2,3,69,0,11
1,3,0,1,3,69,1,11
0,2,0,2,1,69,0,11
0,6,0,3,2,69,0,11
1,2,1,2,2,69,0,11
1,3,0,1,1,69,0,11
1,6,0,2,1,69,0,11
0,6,1,3,2,69,0,11
0,2,1,3,3,69,0,11
0,1,0,1,1,69,0,11
0,4,0,2,2,69,0,11
0,3,0,1,1,69,0,11
1,4,0,3,2,69,0,11
0,3,1,2,3,69,0,11
0,4,0,2,1,69,0,11
1,2,0,4,3,69,0,11
0,1,0,3,2,69,0,11
1,4,0,1,2,69,0,11
1,2,0,1,1,69,0,11
1,3,0,3,1,69,0,11
0,2,0,2,1,69,0,11
1,5,1,3,3,69,0,11
0,1,0,2,2,69,0,11
0,1,1,1,1,69,0,11
1,3,1,3,1,69,0,11
0,4,0,4,2,69,0,11
1,4,0,2,2,69,1,11
0,4,0,3,1,69,0,11
1,5,1,1,2,69,0,11
1,2,1,3,2,69,0,11
0,3,0,1,1,69,1,11
1,4,1,3,4,69,0,11
0,2,0,2,1,69,0,11
1,5,0,1,3,69,0,11
0,5,1,3,1,69,0,11
0,1,1,4,3,69,0,11
0,4,0,2,1,69,0,11
1,4,0,1,1,69,1,11
1,4,0,2,3,69,1,11
0,3,1,3,1,69,0,11
1,4,0,1,2,69,1,11
0,3,0,3,2,69,0,11
1,2,0,3,2,69,0,11
0,1,0,3,2,69,0,11
0,6,0,2,4,69,0,11
1,5,0,3,1,69,0,11
1,2,0,3,2,69,0,11
0,3,0,2,4,69,0,11
0,1,0,2,1,69,0,11
0,3,1,2,3,69,0,11
0,1,0,2,4,69,0,11
0,4,0,3,1,69,0,11
1,3,1,4,2,69,0,11
0,1,0,2,1,69,0,11
1,3,0,1,3,69,1,11
0,3,0,3,1,69,0,11
1,5,1,2,1,69,0,11
0,2,0,2,1,69,0,11
0,3,1,1,1,69,0,11
0,2,0,4,1,69,0,11
0,4,1,3,1,69,0,11
1,4,0,2,3,69,1,11
0,2,1,2,2,69,0,11
0,3,0,2,1,69,1,11
0,5,0,2,1,69,0,11
0,3,0,2,4,69,0,11
1,2,1,3,2,69,0,11
1,3,0,3,1,69,0,11
1,4,0,2,3,69,1,11
1,4,0,1,2,69,1,11
0,5,0,3,4,69,0,11
1,3,0,2,1,69,0,11
1,4,0,2,1,69,1,11
0,6,0,3,2,69,0,11
0,6,0,2,1,69,0,11
1,6,0,3,1,69,0,11
0,6,0,3,1,69,0,11
0,3,0,3,4,69,0,11
1,6,0,2,1,69,0,11
0,2,0,3,1,69,0,11
1,2,0,3,2,69,0,11
0,4,1,3,1,69,0,11
1,3,0,3,3,69,0,11
1,4,0,1,1,69,0,11
1,6,1,2,3,69,0,11
0,5,1,2,2,69,0,11
0,4,0,3,1,69,1,11
0,3,1,2,3,69,0,11
0,2,0,3,1,69,0,11
0,2,1,1,3,69,0,11
0,5,1,4,4,69,0,11
0,1,0,4,2,69,0,11
1,6,1,4,3,69,0,11
1,2,0,2,2,69,0,11
0,2,1,3,1,69,0,11
1,2,0,2,1,69,0,11
1,3,0,2,3,69,0,11
0,5,1,3,2,69,0,11
0,4,0,2,2,69,0,11
0,2,0,2,2,69,0,11
1,4,0,3,4,69,0,11
1,2,1,4,2,69,0,11
1,4,0,2,1,69,1,11
1,2,0,4,1,69,0,11
1,3,1,1,2,69,0,11
0,4,0,2,1,69,1,11
0,5,0,1,1,72,1,12
1,3,0,1,1,72,0,12
0,2,1,3,1,72,0,12
1,2,1,2,4,72,0,12
1,2,0,2,3,72,0,12
0,5,1,2,1,72,0,12
0,3,1,1,2,72,0,12
0,2,1,3,1,72,0,12
0,6,0,1,1,72,0,12
1,2,1,2,1,72,0,12
1,3,1,1,2,72,0,12
1,5,0,3,1,72,0,12
0,4,0,2,1,72,0,12
0,6,1,2,3,72,0,12
1,2,0,3,2,72,0,12
1,5,0,2,3,72,1,12
1,6,0,3,3,72,0,12
1,6,0,3,1,72,0,12
1,6,0,2,2,72,0,12
0,5,0,3,2,72,0,12
1,3,1,3,2,72,0,12
0,2,0,2,1,72,0,12
1,3,1,3,2,72,0,12
0,5,1,2,1,72,0,12
1,5,0,3,3,72,1,12
0,5,0,3,1,72,0,12
1,5,0,1,1,72,0,12
0,3,1,1,1,72,0,12
0,4,0,2,3,72,0,12
0,3,0,3,1,72,0,12
0,3,1,2,1,72,0,12
1,4,1,2,3,72,0,12
0,1,0,3,1,72,0,12
0,4,0,3,1,72,0,12
1,2,1,3,2,72,0,12
0,5,0,2,1,72,0,12
1,3,0,4,1,72,0,12
0,5,0,3,2,72,0,12
1,6,0,2,2,72,0,12
0,2,0,3,4,72,0,12
0,5,0,3,1,72,0,12
1,2,0,2,1,72,0,12
1,4,0,1,1,72,1,12
1,4,1,2,1,72,0,12
1,3,0,2,4,72,1,12
0,3,1,2,2,72,0,12
0,6,0,4,1,72,0,12
0,3,1,2,2,72,0,12
0,3,0,3,3,72,0,12
0,4,1,1,1,72,0,12
0,4,0,2,3,72,0,12
0,6,0,3,1,72,0,12
0,4,1,1,3,72,0,12
1,5,0,2,1,72,0,12
1,4,0,1,1,72,1,12
1,5,1,1,1,72,0,12
1,2,0,3,2,72,0,12
0,3,1,3,1,72,0,12
1,2,1,1,3,72,0,12
0,2,0,4,1,72,0,12
1,2,0,3,2,72,1,12
0,2,1,4,3,72,0,12
1,5,0,2,2,72,1,12
1,2,0,2,3,72,0,12
1,4,0,3,1,72,0,12
0,3,0,2,3,72,0,12
0,1,0,3,4,72,0,12
1,1,0,4,1,72,0,12
0,5,0,3,3,72,0,12
0,3,1,3,2,72,0,12
0,5,0,4,3,72,0,12
1,2,0,4,3,72,0,12
0,4,1,3,3,72,0,12
1,1,0,2,3,72,0,12
0,3,0,2,4,72,0,12
1,4,0,3,3,72,0,12
1,3,0,1,1,72,1,12
0,2,1,1,3,72,0,12
1,1,0,1,3,72,1,12
0,4,0,3,1,72,0,12
0,2,0,4,3,72,0,12
1,2,0,2,3,72,0,12
0,5,0,2,2,72,0,12
0,3,0,2,1,72,0,12
1,4,0,1,3,72,0,12
1,2,1,2,1,72,0,12
1,2,1,4,1,72,0,12
0,4,0,2,1,72,0,12
1,2,0,2,2,72,1,12
0,5,0,4,4,72,0,12
1,5,0,1,2,72,1,12
0,3,0,4,1,72,0,12
0,4,0,4,3,72,0,12
0,3,0,2,1,72,0,12
1,1,1,2,3,72,0,12
0,3,1,3,4,72,0,12
1,5,1,3,4,72,0,12
1,4,0,2,3,72,0,12
0,5,0,3,3,72,0,12
1,1,0,3,1,72,0,12
1,3,1,3,3,72,0,12
1,4,0,3,2,72,0,12
0,6,0,2,1,72,0,12
1,6,0,1,3,72,0,12
1,5,1,2,1,72,0,12
1,2,0,1,1,72,0,12
0,4,1,4,2,72,0,12
0,3,0,4,3,72,0,12
1,1,1,2,1,72,0,12
0,4,0,3,2,72,0,12
1,3,0,3,1,72,0,12
0,3,0,2,4,72,0,12
1,4,0,4,1,72,0,12
1,4,0,3,1,72,0,12
1,2,1,3,4,72,0,12
0,2,0,2,1,72,0,12
1,2,0,4,1,72,0,12
0,4,0,3,3,72,0,12
0,6,0,2,2,72,0,12
1,4,0,3,1,72,0,12
0,1,0,2,3,72,0,12
1,2,0,1,1,72,1,12
1,4,0,1,2,72,1,12
0,4,0,3,2,72,0,12
1,1,0,1,3,75,0,13
1,4,0,1,2,75,1,13
0,1,0,3,3,75,0,13
1,2,0,3,1,75,0,13
1,3,0,1,3,75,0,13
0,5,0,4,1,75,0,13
1,4,1,3,2,75,0,13
0,2,0,4,2,75,0,13
1,5,0,2,3,75,0,13
1,5,1,3,3,75,0,13
0,4,1,3,2,75,0,13
0,1,1,4,1,75,0,13
0,5,0,2,1,75,0,13
1,3,0,3,2,75,0,13
1,6,0,2,2,75,0,13
0,6,0,3,3,75,0,13
1,2,0,3,2,75,0,13
1,3,0,4,2,75,0,13
1,2,0,2,1,75,0,13
0,2,0,3,3,75,0,13
0,3,1,1,2,75,0,13
1,1,0,1,4,75,1,13
1,4,1,3,1,75,0,13
1,3,1,2,1,75,0,13
0,2,0,2,4,75,0,13
1,4,1,2,3,75,0,13
1,4,0,3,1,75,0,13
1,2,0,4,3,75,0,13
0,2,1,2,1,75,0,13
1,3,0,4,2,75,0,13
0,3,1,3,1,75,0,13
0,4,0,2,3,75,0,13
1,4,1,1,1,75,0,13
1,2,0,3,4,75,0,13
1,2,0,2,1,75,0,13
0,5,1,3,1,75,0,13
0,2,1,3,1,75,0,13
1,5,1,3,3,75,0,13
0,1,0,3,3,75,0,13
1,3,0,4,2,75,0,13
1,3,0,1,3,75,1,13
0,3,0,3,2,75,0,13
1,6,0,2,1,75,0,13
0,2,0,1,4,75,0,13
0,2,0,2,1,75,0,13
0,4,1,3,1,75,0,13
0,6,1,4,1,75,0,13
0,1,0,3,4,75,0,13
0,2,0,2,4,75,0,13
1,2,0,3,3,75,0,13
0,2,1,1,3,75,0,13
0,4,1,1,2,75,0,13
0,4,1,3,4,75,0,13
0,4,0,1,1,75,0,13
1,4,0,3,2,75,0,13
0,1,0,2,1,75,0,13
0,4,0,4,1,75,0,13
1,4,1,1,1,75,0,13
0,3,1,1,3,75,0,13
1,1,0,2,4,75,0,13
0,5,0,3,3,75,0,13
0,2,0,2,3,75,0,13
0,6,0,2,3,75,0,13
0,3,0,1,2,75,0,13
1,1,0,2,3,75,1,13
1,1,1,3,2,75,0,13
1,5,0,3,2,75,0,13
0,6,0,1,1,75,0,13
1,4,0,2,3,75,0,13
0,2,0,2,1,75,0,13
0,2,0,2,2,75,0,13
1,3,0,3,3,75,0,13
0,3,0,2,3,75,0,13
1,1,0,3,3,75,0,13
1,4,0,1,2,75,0,13
0,1,0,1,3,75,0,13
1,3,0,1,1,75,0,13
0,3,0,2,1,75,0,13
0,1,0,3,4,75,0,13
0,6,0,3,3,75,0,13
1,6,0,3,2,75,0,13
0,5,0,4,1,75,0,13
1,4,0,1,3,75,1,13
0,4,0,4,2,75,0,13
1,2,0,3,1,75,0,13
1,4,1,3,4,75,0,13
1,4,0,2,1,75,0,13
0,6,0,3,3,75,0,13
0,3,1,3,4,75,0,13
0,3,0,3,1,75,0,13
0,6,1,2,4,75,0,13
1,5,0,3,4,75,0,13
0,2,0,2,2,75,0,13
0,3,0,4,1,75,0,13
0,3,1,3,4,75,0,13
0,1,1,1,3,75,0,13
1,5,1,3,1,75,0,13
1,5,0,2,4,75,0,13
1,5,0,3,4,75,0,13
0,2,0,4,3,75,0,13
0,2,1,3,1,75,0,13
0,2,0,2,1,75,0,13
1,6,0,4,4,75,0,13
0,4,0,3,1,75,0,13
0,2,1,3,1,75,0,13
1,6,1,3,4,75,0,13
0,2,0,4,3,75,0,13
0,4,0,2,1,75,0,13
1,4,1,3,2,75,0,13
0,5,0,2,3,75,0,13
0,5,0,4,1,78,0,14
0,3,0,1,3,78,0,14
0,1,1,1,2,78,0,14
0,5,0,1,1,78,0,14
0,5,0,3,1,78,0,14
0,1,1,4,2,78,0,14
0,2,0,3,3,78,0,14
0,3,1,1,3,78,0,14
1,5,1,2,1,78,0,14
0,5,0,4,1,78,0,14
0,3,0,4,1,78,0,14
0,6,1,3,1,78,0,14
1,5,0,4,3,78,0,14
1,6,1,2,3,78,0,14
0,4,1,3,2,78,0,14
0,4,0,3,3,78,0,14
1,3,0,3,1,78,0,14
1,1,1,4,1,78,0,14
0,1,0,2,1,78,0,14
1,3,0,4,1,78,0,14
0,4,1,2,2,78,0,14
0,5,0,3,2,78,0,14
0,6,1,1,4,78,0,14
0,3,1,3,3,78,0,14
1,6,1,2,3,78,0,14
1,6,0,2,1,78,0,14
0,3,1,1,1,78,0,14
1,4,0,3,3,78,1,14
1,6,1,2,1,78,0,14
0,2,1,3,1,78,0,14
1,2,0,2,4,78,1,14
1,3,1,3,2,78,0,14
1,3,0,1,2,78,1,14
1,5,0,2,1,78,1,14
0,4,0,1,2,78,0,14
0,1,0,1,1,78,0,14
1,3,0,2,1,78,0,14
1,2,0,2,2,78,0,14
1,6,1,2,3,78,0,14
0,2,0,1,3,78,1,14
0,3,0,1,1,78,0,14
0,2,1,3,3,78,0,14
1,2,0,1,4,78,1,14
1,6,1,4,3,78,0,14
0,3,0,4,1,78,0,14
0,2,0,2,4,78,0,14
0,1,0,2,1,78,0,14
0,1,0,3,2,78,0,14
1,4,0,3,3,78,0,14
0,2,1,2,4,78,0,14
0,4,1,2,1,78,0,14
1,2,0,2,2,78,0,14
1,5,0,4,1,78,0,14
0,2,1,4,2,78,0,14
0,2,0,2,4,78,0,14
1,4,0,4,1,78,0,14
0,3,0,2,2,78,0,14
0,4,1,2,2,78,0,14
1,3,0,4,1,78,0,14
1,3,0,2,1,78,0,14
0,5,0,2,3,78,0,14
0,4,0,3,3,78,0,14
0,5,1,4,1,78,0,14
0,5,0,3,3,78,0,14
1,4,1,1,1,78,0,14
1,5,0,3,1,78,1,14
0,4,0,2,4,78,1,14
1,5,0,2,3,78,0,14
0,3,0,2,4,78,0,14
0,6,1,4,1,78,0,14
0,5,0,1,1,78,0,14
0,2,1,4,1,78,0,14
0,1,1,4,2,78,0,14
1,5,1,1,3,78,0,14
1,3,0,2,1,78,1,14
1,4,0,4,3,78,0,14
1,5,1,3,3,78,0,14
0,5,0,1,1,78,0,14
1,2,1,2,3,78,0,14
1,4,0,4,2,78,0,14
0,3,0,4,3,78,0,14
0,2,1,4,1,78,0,14
1,4,0,3,4,78,0,14
1,4,0,3,3,78,0,14
1,5,0,3,1,78,0,14
1,4,0,1,1,78,1,14
1,4,0,3,1,78,0,14
0,6,0,3,2,78,0,14
1,5,0,1,4,78,0,14
0,2,0,2,1,78,0,14
0,1,0,2,1,78,0,14
1,4,0,1,3,78,0,14
0,4,0,2,2,78,0,14
0,5,0,3,4,78,0,14
0,1,1,1,2,78,0,14
0,4,0,4,4,78,0,14
0,5,1,3,3,78,0,14
0,4,1,1,3,78,0,14
0,6,0,4,4,78,0,14
0,5,0,3,3,78,0,14
0,4,1,4,1,78,0,14
0,4,1,2,1,78,0,14
1,4,0,1,1,78,0,14
1,5,0,3,1,78,0,14
0,4,0,1,1,78,0,14
0,2,0,2,3,78,0,14
1,1,1,2,4,78,0,14
1,3,0,1,1,78,0,14
1,1,0,1,3,78,0,14
1,4,1,2,2,78,0,14
1,5,0,4,1,78,0,14
1,6,1,2,1,78,0,14
0,4,1,1,2,81,0,15
0,5,0,3,1,81,0,15
0,3,0,1,1,81,1,15
0,3,0,3,3,81,0,15
0,2,1,2,3,81,0,15
0,2,0,3,1,81,0,15
0,5,0,3,2,81,0,15
0,4,0,2,2,81,0,15
1,5,0,1,2,81,1,15
1,2,1,2,1,81,0,15
1,4,0,3,3,81,1,15
0,2,0,3,3,81,0,15
1,5,0,3,1,81,0,15
0,4,0,2,2,81,0,15
0,2,0,3,2,81,0,15
0,3,0,1,3,81,0,15
1,3,0,2,1,81,0,15
1,3,0,2,4,81,0,15
1,2,0,3,1,81,0,15
0,2,1,1,1,81,0,15
0,6,0,4,4,81,0,15
1,2,0,3,1,81,0,15
1,1,0,2,2,81,0,15
0,2,1,4,2,81,0,15
1,6,0,2,3,81,0,15
1,2,0,3,1,81,0,15
0,4,1,2,3,81,0,15
0,6,0,2,4,81,0,15
1,5,1,2,2,81,0,15
0,2,1,3,3,81,0,15
0,5,0,3,2,81,0,15
0,2,0,2,1,81,0,15
1,2,0,1,1,81,1,15
0,2,0,1,4,81,0,15
1,2,1,1,1,81,0,15
1,1,0,3,1,81,0,15
1,4,1,2,1,81,0,15
0,5,1,4,3,81,0,15
0,4,0,1,3,81,0,15
0,4,0,1,1,81,0,15
1,4,1,3,1,81,0,15
1,3,0,1,1,81,1,15
1,5,1,2,1,81,0,15
1,2,0,1,1,81,0,15
1,2,0,2,1,81,0,15
1,5,0,4,3,81,1,15
1,6,1,1,2,81,0,15
0,5,0,3,3,81,0,15
1,4,0,4,1,81,0,15
1,4,1,2,2,81,0,15
1,5,0,2,1,81,0,15
0,3,1,2,2,81,0,15
1,2,1,4,1,81,0,15
0,2,0,3,3,81,0,15
1,2,1,2,2,81,0,15
0,2,0,2,1,81,0,15
1,2,0,2,2,81,1,15
0,4,0,3,2,81,0,15
0,2,0,1,1,81,0,15
0,3,0,4,1,81,0,15
0,4,0,2,2,81,0,15
0,1,0,3,1,81,0,15
0,5,1,2,3,81,0,15
1,2,0,1,2,81,1,15
0,5,1,3,2,81,0,15
0,6,1,4,1,81,0,15
1,4,0,1,3,81,1,15
0,4,0,3,3,81,0,15
1,2,1,4,1,81,0,15
0,2,1,3,1,81,0,15
1,3,0,1,1,81,0,15
0,4,1,2,3,81,0,15
1,3,1,2,4,81,0,15
0,5,0,3,4,81,0,15
0,4,0,2,2,81,0,15
1,3,0,4,1,81,0,15
0,6,1,4,4,81,0,15
1,6,0,2,1,81,0,15
1,2,0,4,3,81,0,15
0,4,0,2,1,81,0,15
0,1,0,2,3,81,0,15
1,2,0,4,1,81,0,15
1,2,0,1,1,81,1,15
0,4,1,2,1,81,0,15
0,5,0,2,4,81,0,15
1,5,0,3,2,81,0,15
0,1,0,1,1,81,0,15
0,5,1,4,1,81,0,15
1,4,0,4,2,81,0,15
1,3,0,3,1,81,0,15
0,4,0,4,3,81,0,15
1,4,0,1,2,81,1,15
0,2,0,4,1,81,0,15
0,2,1,2,2,81,0,15
1,4,0,4,3,81,0,15
0,5,0,1,3,81,0,15
0,1,0,2,2,81,1,15
1,4,0,4,4,81,0,15
1,5,0,2,1,81,0,15
0,3,0,3,1,81,0,15
1,6,1,3,3,81,0,15
0,1,1,3,3,81,0,15
0,3,0,3,1,81,0,15
0,4,1,2,3,81,0,15
1,1,0,1,1,81,1,15
1,2,0,2,2,81,0,15
0,4,0,2,1,81,0,15
0,1,1,2,2,81,0,15
0,1,0,4,3,81,0,15
1,5,0,2,1,81,1,15
0,6,0,4,1,81,0,15
1,3,1,3,4,81,0,15
0,5,0,3,4,81,0,15
1,1,0,3,1,81,0,15
1,3,0,3,1,81,0,15
0,1,1,3,2,81,0,15
0,2,0,3,2,81,0,15
1,5,0,1,2,81,0,15
1,5,0,2,2,81,1,15
0,4,0,3,1,84,0,16
0,1,0,3,2,84,0,16
0,6,0,3,3,84,0,16
1,5,1,3,1,84,1,16
1,2,1,4,1,84,0,16
0,4,1,3,3,84,0,16
0,4,1,2,1,84,0,16
0,3,0,1,2,84,0,16
0,2,1,3,3,84,0,16
1,2,0,3,2,84,0,16
1,2,1,2,3,84,0,16
1,6,1,2,1,84,0,16
0,2,1,3,1,84,0,16
0,3,0,2,1,84,0,16
0,5,1,2,1,84,0,16
1,3,0,1,1,84,1,16
0,3,1,3,3,84,0,16
1,3,1,1,3,84,0,16
1,5,0,3,1,84,0,16
0,5,0,2,1,84,0,16
1,5,1,3,2,84,0,16
1,2,0,2,1,84,0,16
0,4,0,2,1,84,0,16
0,5,0,2,1,84,0,16
1,6,0,3,2,84,0,16
0,5,1,3,3,84,0,16
1,3,1,2,1,84,0,16
0,2,1,3,1,84,0,16
0,3,0,2,1,84,1,16
1,5,1,2,3,84,0,16
0,2,1,2,3,84,0,16
0,4,1,4,3,84,0,16
1,6,0,4,4,84,0,16
1,3,0,3,1,84,0,16
0,3,1,3,2,84,0,16
1,4,1,2,1,84,0,16
0,4,0,4,1,84,0,16
0,6,0,3,3,84,0,16
1,2,0,3,1,84,0,16
1,2,1,4,4,84,0,16
1,5,0,3,1,84,0,16
1,2,0,4,3,84,0,16
0,1,0,4,3,84,0,16
1,5,0,3,2,84,0,16
0,3,1,2,1,84,0,16
0,2,0,3,1,84,0,16
0,4,0,3,1,84,0,16
0,5,1,2,2,84,0,16
1,2,1,3,1,84,0,16
0,1,1,4,4,84,0,16
1,4,0,2,3,84,0,16
1,1,1,4,2,84,0,16
1,4,0,2,1,84,1,16
0,3,0,3,1,84,0,16
0,2,1,3,2,84,0,16
1,6,0,3,1,84,0,16
0,4,0,4,3,84,0,16
0,1,0,2,3,84,0,16
0,5,1,2,1,84,0,16
0,2,0,3,2,84,0,16
1,3,0,4,1,84,0,16
0,4,0,2,3,84,0,16
1,4,1,4,1,84,0,16
1,3,1,3,3,84,0,16
0,5,1,1,1,84,0,16
0,3,0,3,3,84,0,16
0,2,0,3,4,84,0,16
0,4,0,1,1,84,0,16
1,6,1,4,2,84,0,16
0,5,0,3,3,84,0,16
0,3,0,3,3,84,0,16
1,5,1,2,2,84,0,16
1,5,0,1,1,84,1,16
1,1,1,2,3,84,0,16
0,5,0,3,2,84,0,16
1,5,0,3,4,84,0,16
0,4,0,2,1,84,0,16
1,3,0,3,1,84,0,16
0,3,1,2,1,84,0,16
1,5,1,2,1,84,0,16
1,3,1,1,2,84,0,16
0,4,1,4,3,84,0,16
1,2,0,3,4,84,0,16
0,1,1,3,3,84,0,16
0,3,1,1,2,84,0,16
0,5,1,2,4,84,0,16
1,3,0,1,1,84,0,16
0,5,1,2,3,84,0,16
1,2,0,2,2,84,0,16
0,4,0,1,3,84,0,16
0,5,1,2,1,84,0,16
0,3,0,3,1,84,0,16
0,1,0,1,1,84,0,16
0,1,0,3,2,84,0,16
1,2,0,2,1,84,0,16
0,3,0,2,3,84,0,16
0,5,0,4,4,84,0,16
0,5,0,3,1,84,0,16
0,2,0,3,4,84,0,16
0,5,0,2,2,84,0,16
0,1,1,3,3,84,0,16
0,2,0,2,1,84,0,16
1,4,0,3,2,84,0,16
1,2,1,4,2,84,0,16
0,1,0,3,4,84,0,16
1,3,1,3,1,84,0,16
0,2,0,2,2,84,0,16
0,3,1,2,1,84,0,16
0,6,0,3,4,84,0,16
0,2,1,1,3,84,0,16
0,1,1,2,3,87,0,17
0,5,1,1,1,87,0,17
1,5,0,3,3,87,0,17
0,5,1,1,2,87,0,17
0,5,0,3,2,87,0,17
1,4,1,3,2,87,0,17
0,6,0,4,2,87,0,17
0,2,0,3,4,87,0,17
1,1,1,4,3,87,0,17
0,5,0,1,2,87,1,17
0,3,0,2,1,87,0,17
0,5,0,2,3,87,0,17
0,6,0,4,3,87,0,17
1,2,1,3,1,87,0,17
0,5,1,2,3,87,0,17
1,3,0,2,3,87,1,17
1,2,1,3,3,87,0,17
0,5,0,1,2,87,1,17
1,5,0,4,1,87,0,17
1,6,1,1,4,87,0,17
0,6,1,3,2,87,0,17
0,3,0,3,2,87,0,17
0,2,0,4,2,87,0,17
0,1,0,4,3,87,0,17
1,3,0,2,1,87,1,17
1,6,0,2,1,87,0,17
0,5,0,3,2,87,1,17
1,4,0,2,3,87,0,17
1,4,0,1,4,87,1,17
0,5,0,3,1,87,0,17
0,4,0,4,1,87,0,17
1,2,0,2,3,87,0,17
1,4,0,1,1,87,0,17
0,4,0,3,3,87,0,17
0,1,0,2,2,87,0,17
0,1,0,1,2,87,0,17
0,2,0,2,1,87,1,17
1,2,1,3,2,87,0,17
1,2,0,4,1,87,0,17
1,3,0,1,4,87,1,17
1,3,0,2,1,87,1,17
0,2,0,3,4,87,1,17
1,4,1,4,2,87,0,17
1,4,0,1,1,87,0,17
1,2,1,1,1,87,0,17
0,5,0,1,3,87,0,17
1,4,0,4,1,87,0,17
0,2,0,3,1,87,0,17
0,5,0,3,1,87,0,17
0,4,0,3,1,87,0,17
1,2,0,2,1,87,1,17
1,5,0,4,1,87,0,17
0,1,0,3,3,87,0,17
1,2,0,2,3,87,0,17
0,6,1,2,1,87,0,17
1,5,0,2,4,87,0,17
0,1,0,3,1,87,0,17
1,2,1,3,1,87,0,17
0,5,0,3,3,87,0,17
1,3,0,2,1,87,0,17
0,3,1,1,4,87,0,17
1,1,0,4,3,87,0,17
1,3,0,3,1,87,0,17
1,2,0,3,1,87,1,17
0,4,0,3,4,87,0,17
1,5,0,3,2,87,0,17
0,3,1,4,4,87,0,17
0,4,0,2,2,87,0,17
0,2,0,3,2,87,0,17
1,3,1,4,2,87,0,17
1,3,0,1,2,87,0,17
1,3,1,4,3,87,0,17
1,2,0,1,1,87,0,17
1,2,1,3,3,87,0,17
0,5,0,2,1,87,0,17
1,4,1,2,3,87,0,17
1,4,0,1,1,87,0,17
0,3,0,2,3,87,0,17
1,2,0,1,3,87,1,17
1,3,0,2,1,87,0,17
0,2,0,2,1,87,0,17
1,3,0,4,1,87,0,17
1,6,1,4,2,87,0,17
1,5,1,2,4,87,0,17
1,2,1,2,3,87,0,17
1,1,1,4,3,87,0,17
1,5,1,4,2,87,0,17
1,2,0,2,1,87,0,17
0,5,0,2,3,87,0,17
0,3,0,4,2,87,0,17
1,1,1,1,4,87,0,17
1,4,0,1,1,87,1,17
1,1,0,2,2,87,0,17
1,6,0,4,3,87,0,17
0,3,0,1,4,87,0,17
1,1,0,2,4,87,0,17
1,5,0,3,2,87,0,17
0,1,0,2,3,87,0,17
0,2,0,1,3,87,1,17
1,1,1,2,4,87,0,17
1,2,0,2,3,87,1,17
1,5,1,2,1,90,0,18
0,3,1,3,1,90,0,18
1,6,0,4,1,90,0,18
0,3,0,4,1,90,0,18
1,5,1,2,3,90,0,18
0,4,1,3,4,90,0,18
0,3,0,1,3,90,0,18
1,5,0,3,4,90,1,18
0,1,0,2,1,90,0,18
0,3,1,3,1,90,0,18
0,4,0,3,1,90,0,18
1,4,1,3,1,90,0,18
0,5,0,2,1,90,0,18
1,4,0,2,1,90,0,18
0,3,1,2,3,90,0,18
1,6,1,2,2,90,0,18
0,3,1,4,2,90,0,18
0,4,1,2,3,90,0,18
1,2,1,4,1,90,0,18
1,6,0,1,4,90,1,18
1,4,0,3,1,90,0,18
1,2,0,2,3,90,1,18
0,4,0,3,2,90,0,18
0,5,1,4,3,90,0,18
0,5,1,2,2,90,0,18
1,3,0,1,3,90,1,18
1,5,0,2,4,90,0,18
0,3,0,3,2,90,0,18
1,4,0,3,1,90,1,18
0,5,1,1,1,90,0,18
0,4,0,3,3,90,1,18
1,3,0,3,1,90,0,18
0,2,0,1,2,90,0,18
0,1,0,2,2,90,0,18
0,5,0,3,3,90,0,18
0,5,1,2,3,90,0,18
1,1,1,2,1,90,0,18
1,2,1,1,3,90,0,18
0,2,0,4,4,90,0,18
0,3,0,2,3,90,0,18
0,5,0,4,2,90,0,18
1,2,0,2,1,90,1,18
1,2,0,1,1,90,1,18
0,4,0,1,2,90,0,18
1,5,1,3,3,90,0,18
0,3,0,3,3,90,0,18
0,1,1,1,1,90,0,18
1,3,1,4,3,90,0,18
0,3,1,3,3,90,0,18
1,3,0,2,3,90,0,18
1,5,0,4,2,90,1,18
1,2,1,3,1,90,0,18
1,6,0,3,2,90,0,18
0,5,0,3,4,90,0,18
1,3,0,1,1,90,1,18
0,3,0,3,2,90,0,18
1,4,0,2,1,90,0,18
1,4,0,3,4,90,0,18
0,5,0,2,2,90,0,18
0,6,1,4,2,90,0,18
1,5,1,3,1,90,0,18
1,2,0,2,1,90,1,18
0,4,0,4,4,90,0,18
1,3,0,3,3,90,0,18
1,4,1,2,2,90,0,18
0,1,1,2,2,90,0,18
1,4,0,2,3,90,1,18
1,5,1,3,4,90,0,18
1,5,0,3,3,90,0,18
0,2,0,2,1,90,0,18
1,5,0,1,1,90,1,18
0,5,1,3,3,90,0,18
1,4,1,4,4,90,0,18
1,1,1,2,1,90,0,18
1,5,1,3,1,90,0,18
0,2,1,4,1,90,0,18
1,6,1,4,1,90,0,18
1,4,0,2,3,90,0,18
1,5,1,3,3,90,0,18
0,5,0,3,2,90,0,18
1,2,0,2,1,90,0,18
1,3,1,2,1,90,0,18
0,5,0,1,1,90,0,18
1,6,0,2,2,90,0,18
1,1,0,3,1,90,0,18
0,2,0,4,2,90,0,18
1,3,0,3,1,90,0,18
0,2,1,3,1,90,0,18
1,4,0,3,2,90,0,18
0,4,0,2,2,90,0,18
1,5,0,3,1,90,0,18
1,3,0,2,1,90,0,18
0,2,1,3,1,90,0,18
0,2,0,3,2,90,0,18
1,6,1,2,3,90,0,18
1,5,0,2,1,90,0,18
1,2,0,3,3,90,0,18
1,2,0,3,1,90,0,18
0,4,0,3,4,90,0,18
0,4,1,2,1,90,0,18
0,4,0,1,1,90,0,18
0,5,0,2,3,90,0,18
0,6,0,2,2,90,0,18
0,3,1,3,2,90,0,18
1,5,1,4,3,90,0,18
1,4,0,1,2,90,1,18
1,2,0,2,1,90,0,18
1,4,0,2,4,90,0,18
0,3,1,2,3,90,0,18
1,4,1,2,2,90,0,18
0,2,0,1,1,90,0,18
0,4,0,2,1,90,0,18
0,1,0,2,2,90,0,18
0,2,0,2,2,90,0,18
1,5,1,1,2,90,0,18
1,6,1,3,3,93,0,19
0,5,1,2,2,93,0,19
0,2,0,4,1,93,0,19
1,4,0,1,3,93,0,19
1,5,0,1,2,93,1,19
1,3,0,1,2,93,1,19
0,3,1,4,1,93,0,19
0,4,0,1,2,93,1,19
0,3,0,2,1,93,0,19
1,4,1,3,3,93,0,19
0,5,1,2,2,93,0,19
0,5,1,3,1,93,0,19
1,2,0,3,3,93,0,19
0,1,0,1,1,93,0,19
1,3,1,3,3,93,0,19
1,5,0,3,2,93,1,19
1,5,0,2,2,93,1,19
0,3,0,4,1,93,0,19
0,1,0,3,1,93,0,19
0,2,0,2,1,93,0,19
1,4,1,2,4,93,0,19
0,2,0,3,1,93,0,19
0,5,1,3,1,93,0,19
0,3,1,1,3,93,0,19
0,3,1,4,1,93,0,19
1,5,0,3,3,93,0,19
0,4,0,1,3,93,0,19
0,5,1,3,2,93,0,19
0,3,1,2,3,93,0,19
1,3,1,1,3,93,0,19
0,3,1,3,1,93,0,19
0,5,0,2,1,93,0,19
1,5,0,2,2,93,0,19
0,2,0,4,3,93,0,19
0,4,0,3,2,93,0,19
0,5,0,4,1,93,0,19
1,2,1,4,1,93,0,19
1,2,0,3,1,93,0,19
1,5,0,3,1,93,1,19
1,5,0,4,4,93,0,19
1,4,0,2,2,93,1,19
0,3,0,1,1,93,0,19
1,3,0,3,2,93,0,19
0,3,0,1,2,93,1,19
0,2,0,1,2,93,0,19
1,3,0,1,2,93,0,19
0,1,0,4,2,93,0,19
0,1,0,1,1,93,0,19
1,2,0,3,3,93,0,19
0,5,0,2,1,93,0,19
1,4,0,2,1,93,0,19
1,4,1,4,3,93,0,19
1,1,0,1,4,93,1,19
0,2,0,2,2,93,0,19
0,5,0,3,3,93,0,19
1,4,0,4,2,93,0,19
0,2,1,2,3,93,0,19
0,6,0,2,3,93,0,19
0,3,0,2,1,93,0,19
0,2,1,4,1,93,0,19
0,2,1,2,4,93,0,19
1,3,0,3,2,93,0,19
1,5,1,1,3,93,0,19
1,1,0,3,1,93,0,19
0,5,0,3,2,93,0,19
1,4,0,3,4,93,0,19
1,5,1,4,4,93,0,19
1,4,0,4,1,93,0,19
1,3,0,3,1,93,0,19
0,6,0,3,3,93,0,19
1,1,0,3,2,93,0,19
0,4,0,2,1,93,0,19
0,1,1,1,1,93,0,19
1,4,1,2,2,93,0,19
1,2,0,3,1,93,0,19
0,3,0,3,4,93,0,19
0,2,0,2,3,93,0,19
1,5,0,2,2,93,0,19
1,2,0,3,2,93,0,19
1,5,0,3,1,93,1,19
0,6,1,3,4,93,0,19
0,2,0,1,4,93,0,19
1,4,0,3,2,93,0,19
0,5,1,2,3,93,0,19
1,5,1,1,4,93,0,19
0,4,0,4,1,93,0,19
0,3,1,4,1,93,0,19
0,5,0,3,1,93,0,19
0,5,0,4,1,93,0,19
0,4,0,1,2,93,0,19
0,1,0,3,4,93,0,19
0,2,1,4,2,93,0,19
1,1,1,4,1,93,0,19
1,4,1,3,1,93,0,19
1,3,0,2,3,93,0,19
0,4,0,3,2,93,0,19
1,2,0,3,1,93,0,19
0,5,1,2,1,93,0,19
1,4,0,4,3,93,0,19
1,6,0,2,1,93,1,19
1,2,0,3,3,93,0,19
0,3,1,2,3,93,0,19
0,5,0,1,1,93,0,19
1,4,0,4,3,93,0,19
1,4,1,2,1,93,0,19
0,1,0,1,1,93,0,19
0,4,1,2,2,93,0,19
0,2,0,3,3,93,1,19
0,2,0,4,4,93,0,19
1,3,0,3,2,93,1,19
1,5,1,3,2,93,0,19
1,3,1,1,1,93,1,19
1,3,0,2,1,93,1,19
1,4,0,1,2,93,0,19
0,4,0,3,3,93,0,19
1,3,0,3,3,93,0,19
1,2,1,3,3,93,0,19
0,4,0,3,2,93,0,19
1,3,0,2,1,93,0,19
1,5,0,2,1,93,0,19
1,2,0,3,3,93,0,19
0,6,1,3,4,93,0,19
0,5,1,2,4,93,0,19
1,6,1,4,3,93,0,19
0,3,0,2,3,93,0,19
1,2,1,3,1,93,0,19
1,4,0,2,1,93,0,19
1,3,1,2,2,93,1,19
0,3,0,1,3,96,0,20
1,1,0,4,1,96,0,20
1,3,1,3,4,96,0,20
0,4,1,2,2,96,0,20
1,4,0,4,3,96,0,20
1,2,1,2,3,96,0,20
1,4,0,2,2,96,1,20
0,1,1,3,2,96,0,20
1,5,1,4,3,96,0,20
0,2,0,4,1,96,0,20
0,4,0,2,4,96,0,20
1,2,1,2,2,96,0,20
1,5,0,2,3,96,0,20
1,3,1,4,3,96,0,20
1,2,0,3,3,96,0,20
0,6,0,3,3,96,0,20
0,4,1,3,4,96,0,20
0,2,1,2,1,96,0,20
0,4,0,2,1,96,0,20
1,2,1,3,4,96,0,20
0,5,0,2,1,96,0,20
0,3,0,3,4,96,0,20
0,6,0,4,2,96,0,20
0,3,1,4,3,96,0,20
0,3,0,2,1,96,0,20
0,4,0,4,1,96,0,20
0,1,0,3,2,96,0,20
1,6,0,2,3,96,0,20
0,1,0,1,2,96,0,20
0,6,0,3,2,96,0,20
0,2,0,3,4,96,0,20
0,5,0,4,2,96,0,20
1,3,0,4,3,96,0,20
1,3,1,1,3,96,0,20
1,3,0,3,3,96,0,20
1,3,1,4,1,96,0,20
0,1,0,2,4,96,0,20
1,4,0,2,4,96,0,20
0,4,0,1,1,96,1,20
0,2,1,2,1,96,0,20
0,4,0,2,2,96,0,20
0,5,1,2,1,96,0,20
0,6,1,3,2,96,0,20
0,5,1,2,1,96,0,20
0,1,0,4,2,96,0,20
1,3,0,2,2,96,0,20
1,2,1,4,1,96,0,20
1,5,0,3,1,96,0,20
0,5,0,2,1,96,0,20
0,3,1,4,1,96,0,20
1,5,1,3,1,96,0,20
1,4,0,3,3,96,0,20
0,3,0,4,1,96,0,20
0,5,0,4,2,96,0,20
1,3,0,2,1,96,0,20
1,5,0,4,1,96,0,20
1,5,0,2,4,96,0,20
1,2,1,1,1,96,0,20
1,6,0,4,1,96,0,20
0,4,0,2,3,96,0,20
0,4,1,2,4,96,0,20
1,6,0,3,4,96,0,20
0,3,0,4,3,96,0,20
1,2,1,2,3,96,0,20
1,6,0,1,1,96,1,20
0,3,0,1,2,96,0,20
0,5,1,1,3,96,0,20
1,5,1,4,3,96,0,20
0,2,1,1,1,96,0,20
0,2,0,4,2,96,0,20
1,3,0,3,4,96,0,20
1,4,0,3,2,96,0,20
0,1,1,4,4,96,0,20
1,4,0,3,3,96,0,20
0,5,0,4,4,96,0,20
1,3,1,2,1,96,0,20
0,2,0,3,4,96,0,20
0,3,1,2,3,96,0,20
0,3,0,2,1,96,0,20
0,1,0,2,1,96,1,20
0,2,1,2,2,96,0,20
0,2,0,3,1,96,0,20
0,2,0,1,1,96,0,20
1,2,1,3,4,96,0,20
0,3,1,3,4,96,0,20
1,3,0,2,1,96,0,20
0,2,1,4,1,96,0,20
1,2,0,4,3,96,0,20
0,5,0,3,2,96,0,20
0,3,0,3,3,96,0,20
0,5,0,3,1,96,0,20
1,5,0,4,1,96,0,20
0,3,0,1,3,96,1,20
0,3,0,4,1,96,0,20
0,6,1,3,2,96,0,20
0,3,0,2,1,96,0,20
0,2,1,1,3,96,0,20
0,3,0,3,2,96,0,20
0,5,1,4,2,96,0,20
0,5,0,2,3,96,0,20
0,1,0,3,1,96,0,20
1,4,1,1,2,96,0,20
1,5,0,1,1,96,0,20
0,1,0,2,4,96,0,20
1,2,1,2,3,96,0,20
0,2,0,3,3,96,0,20
1,2,1,2,1,96,0,20
1,6,1,1,1,96,0,20
0,4,1,2,4,96,0,20
0,3,1,4,2,96,0,20
0,4,0,3,3,99,0,21
1,6,0,1,2,99,1,21
0,1,1,1,1,99,0,21
0,6,0,4,1,99,0,21
0,3,0,2,2,99,0,21
0,2,0,2,3,99,0,21
1,4,1,4,1,99,0,21
0,4,0,2,3,99,0,21
0,2,1,3,1,99,0,21
1,4,0,3,3,99,0,21
0,4,0,4,2,99,0,21
1,4,0,3,3,99,0,21
0,4,1,3,1,99,0,21
1,3,0,2,2,99,0,21
0,1,0,2,2,99,0,21
0,4,0,2,3,99,0,21
1,2,0,4,2,99,0,21
0,1,1,4,1,99,0,21
0,3,0,4,1,99,0,21
1,3,1,1,1,99,0,21
0,2,0,2,3,99,0,21
1,3,0,1,2,99,1,21
1,5,0,2,4,99,0,21
0,2,1,3,2,99,0,21
1,1,1,4,1,99,0,21
0,3,0,1,2,99,0,21
1,5,1,4,2,99,0,21
0,3,1,1,4,99,0,21
0,3,0,4,4,99,0,21
1,2,0,3,3,99,0,21
1,4,0,2,3,99,0,21
0,2,0,3,2,99,0,21
0,6,1,1,4,99,0,21
0,3,1,3,1,99,0,21
1,3,0,2,1,99,1,21
0,3,1,4,1,99,0,21
0,5,0,1,2,99,0,21
1,4,0,2,3,99,0,21
1,3,0,2,2,99,0,21
0,4,0,2,2,99,0,21
0,1,0,1,1,99,0,21
0,4,0,2,1,99,0,21
1,6,0,3,3,99,0,21
0,2,0,1,3,99,0,21
0,6,0,3,2,99,0,21
1,3,0,4,1,99,0,21
1,5,0,2,1,99,0,21
1,1,1,3,3,99,0,21
0,4,1,2,3,99,0,21
1,4,0,1,1,99,1,21
0,3,0,2,4,99,0,21
0,1,1,2,3,99,0,21
1,5,0,2,2,99,1,21
0,3,1,4,4,99,0,21
0,6,0,2,1,99,0,21
1,3,0,3,2,99,0,21
0,2,1,3,1,99,0,21
0,3,1,4,1,99,0,21
1,5,0,2,1,99,0,21
0,5,0,1,1,99,0,21
1,4,0,2,2,99,1,21
0,2,0,2,3,99,0,21
0,5,0,4,1,99,0,21
1,6,1,3,1,99,0,21
1,4,0,3,4,99,0,21
1,3,1,1,1,99,0,21
0,5,1,3,2,99,0,21
1,5,1,1,2,99,1,21
1,2,1,2,1,99,0,21
1,2,1,3,3,99,0,21
0,3,0,3,3,99,0,21
0,2,1,2,1,99,0,21
1,2,1,4,3,99,0,21
1,5,0,2,2,99,0,21
1,2,0,2,2,99,0,21
0,3,0,4,1,99,0,21
1,3,0,3,2,99,0,21
1,4,0,1,1,99,0,21
1,6,0,4,1,99,0,21
1,5,0,1,4,99,0,21
1,6,1,4,4,99,0,21
1,4,0,2,1,99,0,21
0,6,0,3,3,99,0,21
0,6,0,3,2,99,0,21
0,5,0,3,3,99,0,21
1,3,0,2,2,99,0,21
0,2,0,4,1,99,0,21
1,5,0,3,1,99,0,21
0,2,0,4,2,99,0,21
0,4,0,2,1,99,0,21
0,3,1,2,1,99,0,21
1,1,0,3,3,99,0,21
0,3,0,3,4,99,0,21
1,4,0,3,3,99,0,21
0,2,1,2,4,99,0,21
1,2,0,2,3,99,0,21
0,5,1,2,1,99,0,21
1,2,0,1,4,99,0,21
1,4,0,2,2,99,1,21
1,5,0,2,3,99,0,21
0,3,0,2,1,99,0,21
1,3,1,3,3,99,0,21
1,3,0,2,1,99,1,21
1,5,0,2,2,99,0,21
1,5,1,2,3,99,0,21
0,1,0,2,1,99,0,21
0,2,0,2,1,99,0,21
1,2,1,3,1,99,0,21
1,2,0,2,1,99,1,21
0,5,0,2,2,99,0,21
0,6,0,1,2,99,0,21
1,3,0,3,3,99,0,21
0,4,0,2,1,99,0,21
1,2,0,4,2,99,0,21
0,3,1,3,1,99,0,21
0,3,0,3,2,99,0,21
1,6,0,2,3,99,0,21
1,2,0,1,1,102,1,22
1,2,1,2,1,102,0,22
0,5,0,2,1,102,0,22
1,4,0,3,2,102,0,22
0,6,0,4,1,102,0,22
0,2,1,3,2,102,0,22
0,4,0,1,3,102,1,22
0,5,0,2,4,102,0,22
0,2,1,3,3,102,0,22
0,2,0,2,2,102,0,22
0,5,0,4,3,102,0,22
0,1,0,1,2,102,0,22
0,4,0,1,2,102,0,22
1,3,1,1,3,102,0,22
1,2,1,2,4,102,0,22
0,1,0,3,3,102,0,22
1,2,1,3,3,102,0,22
1,5,0,3,1,102,0,22
0,5,1,1,4,102,0,22
0,1,1,2,2,102,0,22
1,1,0,1,4,102,1,22
1,5,0,2,1,102,0,22
0,1,1,2,1,102,0,22
1,5,0,2,1,102,0,22
0,2,1,4,1,102,0,22
1,3,0,3,1,102,0,22
0,4,1,1,3,102,0,22
1,3,0,2,1,102,0,22
0,4,0,3,2,102,0,22
0,3,0,2,4,102,0,22
1,1,0,3,2,102,0,22
1,2,0,3,2,102,0,22
1,6,1,4,1,102,0,22
0,4,0,2,1,102,0,22
0,6,0,3,2,102,0,22
0,3,0,3,3,102,0,22
1,1,0,1,3,102,1,22
0,5,0,3,1,102,0,22
1,1,0,3,1,102,0,22
0,1,0,2,2,102,0,22
1,1,0,2,1,102,0,22
1,5,0,2,1,102,0,22
0,5,0,2,4,102,0,22
0,5,1,4,1,102,0,22
0,5,0,2,1,102,0,22
0,4,0,3,2,102,0,22
0,6,0,3,1,102,0,22
0,3,1,4,1,102,0,22
1,6,0,2,1,102,1,22
0,3,0,4,2,102,0,22
0,4,0,3,3,102,0,22
0,2,0,1,2,102,1,22
0,3,0,1,1,102,0,22
0,4,0,2,2,102,0,22
0,5,1,1,2,102,0,22
1,4,1,3,4,102,0,22
0,5,0,1,1,102,0,22
1,4,1,2,2,102,0,22
0,5,1,4,1,102,0,22
1,2,1,4,2,102,0,22
0,5,1,3,1,102,0,22
1,2,1,1,1,102,0,22
0,4,0,2,1,102,0,22
1,5,1,1,1,102,0,22
0,5,1,3,2,102,0,22
1,3,1,3,1,102,0,22
0,4,0,1,3,102,0,22
0,1,0,1,2,102,0,22
0,4,0,3,3,102,0,22
1,4,0,2,1,102,1,22
0,3,0,3,2,102,0,22
0,2,1,4,2,102,0,22
0,4,0,4,2,102,0,22
1,3,1,2,2,102,0,22
1,6,1,4,4,102,0,22
0,2,0,3,2,102,0,22
1,5,0,1,1,102,0,22
1,1,0,1,4,102,1,22
0,6,1,2,3,102,0,22
0,4,0,3,4,102,0,22
0,6,0,3,4,102,0,22
1,4,0,3,1,102,0,22
0,3,0,2,2,102,0,22
1,3,0,2,3,102,1,22
0,5,1,4,3,102,0,22
1,5,1,1,1,102,0,22
1,3,0,3,4,102,0,22
1,2,0,3,1,102,0,22
1,1,0,3,4,102,0,22
0,5,1,2,2,102,0,22
0,3,0,1,1,102,0,22
1,2,0,3,1,102,0,22
0,2,0,4,1,102,0,22
0,3,0,3,3,102,0,22
0,5,0,3,1,102,0,22
1,6,1,4,3,102,0,22
1,4,0,1,3,102,0,22
1,5,0,1,2,102,0,22
1,4,0,3,2,102,0,22
1,5,0,3,1,102,0,22
0,5,0,3,1,102,0,22
0,4,0,1,3,102,0,22
1,4,0,3,3,102,0,22
1,2,0,4,1,102,0,22
0,3,0,2,1,102,0,22
0,4,0,3,4,102,0,22
0,5,0,1,2,102,0,22
0,3,0,1,3,102,0,22
0,4,0,4,2,102,0,22
0,2,0,3,3,102,0,22
1,2,1,2,2,105,0,23
0,4,1,4,1,105,0,23
0,4,0,4,2,105,0,23
1,5,0,3,1,105,0,23
1,4,0,1,1,105,1,23
1,3,0,4,2,105,0,23
1,3,1,4,1,105,0,23
1,4,0,4,3,105,0,23
1,2,1,4,1,105,0,23
0,3,1,4,1,105,0,23
1,3,0,1,3,105,1,23
0,3,0,1,3,105,1,23
0,5,0,3,3,105,0,23
0,4,0,1,2,105,0,23
1,5,0,2,1,105,1,23
1,5,0,2,2,105,1,23
1,1,0,4,2,105,0,23
1,6,0,3,1,105,0,23
0,5,0,3,3,105,0,23
1,3,0,1,1,105,1,23
0,3,1,4,3,105,0,23
1,4,0,2,1,105,0,23
0,4,1,2,3,105,0,23
1,4,0,2,3,105,0,23
0,4,1,1,1,105,0,23
0,5,1,2,4,105,0,23
0,3,0,4,1,105,0,23
0,5,0,1,1,105,1,23
0,4,0,3,1,105,0,23
0,2,0,2,3,105,0,23
1,2,1,2,1,105,0,23
0,3,0,3,3,105,0,23
1,4,0,4,4,105,0,23
1,5,0,1,3,105,1,23
0,4,0,2,1,105,0,23
0,3,1,2,2,105,0,23
0,2,0,3,3,105,0,23
0,1,0,4,3,105,0,23
1,3,0,1,3,105,0,23
0,3,1,3,1,105,0,23
1,3,1,4,1,105,0,23
1,4,1,3,3,105,0,23
0,6,0,3,4,105,0,23
0,3,0,4,3,105,0,23
0,5,1,1,3,105,0,23
0,2,0,3,1,105,0,23
0,1,1,3,3,105,0,23
0,1,1,3,1,105,0,23
0,2,1,2,2,105,0,23
0,5,1,3,2,105,0,23
1,6,0,1,3,105,1,23
1,2,1,2,1,105,0,23
0,4,0,2,1,105,0,23
1,1,0,3,2,105,0,23
0,5,0,4,2,105,0,23
0,5,1,2,2,105,0,23
0,5,0,3,4,105,0,23
0,3,0,1,2,105,0,23
1,4,0,2,1,105,0,23
0,4,0,2,1,105,0,23
0,2,0,2,4,105,0,23
0,4,0,3,2,105,0,23
1,2,0,3,4,105,0,23
0,4,0,3,2,105,0,23
1,2,0,3,1,105,1,23
1,5,1,3,2,105,0,23
1,4,0,1,3,105,1,23
0,5,0,2,4,105,0,23
0,1,0,4,1,105,0,23
0,3,0,2,3,105,0,23
1,6,1,1,3,105,0,23
1,5,0,2,3,105,0,23
0,5,0,2,3,105,0,23
1,3,0,2,1,105,0,23
0,6,0,4,1,105,0,23
0,3,0,3,2,105,0,23
1,3,1,2,1,105,0,23
1,3,0,1,2,105,1,23
1,4,0,3,2,105,0,23
0,5,0,1,2,105,1,23
1,2,1,3,1,105,0,23
1,3,0,4,3,105,0,23
1,1,0,3,1,105,0,23
0,4,1,2,4,105,0,23
0,4,0,3,1,105,0,23
0,5,0,4,2,105,0,23
1,2,1,2,2,105,0,23
1,1,1,2,1,105,0,23
1,2,0,4,1,105,0,23
1,4,0,3,3,105,0,23
1,6,1,3,1,105,0,23
0,2,1,2,4,105,0,23
1,2,0,3,3,105,0,23
1,6,0,2,3,105,1,23
0,4,0,2,3,105,1,23
0,3,0,1,1,105,1,23
0,3,0,3,4,105,0,23
1,5,0,2,4,105,1,23
0,4,0,2,3,105,0,23
1,3,0,3,2,105,1,23
0,5,0,1,3,105,1,23
1,5,1,3,1,105,0,23
1,5,0,4,2,105,0,23
1,5,0,1,4,105,0,23
1,4,1,3,3,105,0,23
1,3,1,4,1,105,0,23
0,2,0,4,1,105,0,23
1,5,0,3,1,105,0,23
0,2,1,3,3,105,0,23
0,3,1,2,1,105,0,23
0,1,1,3,1,105,0,23
0,1,0,1,2,105,0,23
0,2,1,2,4,105,0,23
1,3,0,4,4,105,0,23
0,4,1,1,4,105,0,23
0,4,1,4,1,105,0,23
1,6,0,3,3,105,0,23
1,1,1,3,1,105,0,23
0,6,0,1,3,105,1,23
0,3,0,3,2,108,0,24
0,5,0,4,1,108,0,24
0,6,0,4,2,108,0,24
1,4,0,2,2,108,0,24
0,5,0,3,1,108,0,24
0,2,0,2,3,108,0,24
1,1,1,2,1,108,0,24
1,4,0,3,1,108,0,24
1,5,0,4,2,108,0,24
1,2,0,1,2,108,0,24
0,5,1,2,2,108,0,24
0,6,1,1,1,108,0,24
1,1,1,2,3,108,0,24
1,5,0,4,2,108,0,24
0,5,0,3,2,108,0,24
1,6,1,1,3,108,1,24
0,5,0,2,2,108,1,24
1,5,0,3,1,108,0,24
1,5,0,3,1,108,0,24
1,3,1,4,2,108,0,24
0,2,1,2,2,108,0,24
1,2,1,1,2,108,0,24
1,4,0,2,1,108,0,24
0,4,1,2,1,108,0,24
1,5,0,1,1,108,1,24
0,4,1,3,3,108,0,24
1,3,1,2,4,108,0,24
0,5,1,2,3,108,0,24
1,1,1,3,2,108,0,24
0,5,0,2,2,108,0,24
1,4,0,3,1,108,1,24
1,5,0,2,2,108,0,24
0,1,1,4,1,108,0,24
0,2,0,3,3,108,0,24
1,5,0,3,1,108,0,24
1,5,0,1,1,108,1,24
0,3,0,3,2,108,0,24
1,3,0,1,1,108,0,24
0,5,1,1,3,108,0,24
0,4,0,2,2,108,1,24
0,2,0,1,1,108,0,24
1,3,0,4,1,108,0,24
0,2,1,3,1,108,0,24
1,2,0,1,2,108,0,24
1,1,0,4,2,108,0,24
1,5,0,4,3,108,0,24
1,4,0,2,1,108,1,24
0,2,0,1,1,108,0,24
1,1,0,3,3,108,0,24
0,5,0,2,3,108,0,24
0,4,0,1,3,108,0,24
0,2,0,1,2,108,0,24
1,3,0,2,3,108,1,24
0,1,1,1,2,108,0,24
0,2,0,2,2,108,0,24
1,4,1,2,1,108,0,24
0,2,0,3,2,108,0,24
0,6,0,2,2,108,0,24
0,1,0,3,1,108,0,24
1,3,1,3,2,108,0,24
0,2,0,1,1,108,0,24
0,3,0,4,1,108,0,24
0,3,1,3,3,108,0,24
0,3,0,3,1,108,0,24
1,2,0,2,2,108,1,24
0,2,0,2,2,108,0,24
1,5,1,3,2,108,0,24
1,4,1,3,1,108,0,24
0,5,1,4,3,108,0,24
0,5,1,2,2,108,0,24
0,5,0,2,4,108,0,24
0,6,0,2,1,108,0,24
1,4,0,2,3,108,0,24
1,2,1,2,2,108,0,24
0,4,1,2,3,108,0,24
0,4,1,4,4,108,0,24
0,3,0,3,2,108,0,24
1,4,0,2,3,108,1,24
0,3,1,3,1,108,0,24
0,4,0,2,1,108,0,24
0,2,0,3,4,108,0,24
1,3,0,1,3,108,1,24
0,3,0,2,3,108,0,24
1,2,1,2,1,108,0,24
0,1,0,4,3,108,0,24
0,4,0,1,3,108,0,24
1,5,1,3,3,108,0,24
1,4,0,2,2,108,1,24
0,6,0,2,2,108,0,24
1,4,1,1,4,108,0,24
1,2,1,4,3,108,0,24
0,4,0,2,1,108,0,24
1,5,0,4,1,108,0,24
1,4,0,3,2,108,0,24
1,4,0,2,3,108,1,24
0,5,0,2,1,108,0,24
1,5,0,1,1,108,0,24
1,4,0,3,2,108,0,24
0,5,1,2,3,108,0,24
1,3,1,2,3,108,0,24
0,1,1,2,4,108,0,24
0,2,1,4,1,108,0,24
1,4,0,2,2,108,0,24
0,5,1,1,2,108,0,24
1,4,0,1,3,108,1,24
1,4,0,2,1,108,0,24
1,3,0,2,2,108,0,24
0,6,1,4,1,108,0,24
1,1,0,3,1,108,0,24
1,2,0,3,4,108,0,24
0,2,0,2,2,108,0,24
0,5,1,2,1,108,0,24
1,3,0,1,1,108,1,24
0,5,0,1,2,108,1,24
1,5,0,2,4,108,0,24
0,4,0,3,3,111,0,25
1,2,0,1,1,111,1,25
1,5,1,1,2,111,0,25
0,2,1,3,2,111,0,25
1,2,1,3,2,111,0,25
1,4,1,1,2,111,1,25
1,4,1,2,2,111,0,25
1,2,0,2,4,111,1,25
0,2,1,3,2,111,0,25
0,2,0,2,3,111,1,25
0,4,0,2,2,111,0,25
1,4,0,1,1,111,1,25
0,6,0,4,4,111,0,25
1,2,0,3,3,111,0,25
0,3,0,1,1,111,0,25
0,2,1,3,2,111,0,25
1,4,0,3,2,111,0,25
0,3,0,4,2,111,0,25
1,1,0,2,1,111,0,25
0,3,0,1,1,111,1,25
0,5,0,3,2,111,0,25
1,6,1,3,3,111,0,25
0,1,0,2,4,111,0,25
1,3,0,3,1,111,0,25
1,2,0,4,2,111,0,25
0,1,0,3,3,111,0,25
0,4,1,4,1,111,0,25
1,3,0,3,1,111,0,25
1,4,1,3,2,111,0,25
0,4,1,2,1,111,0,25
1,2,0,1,2,111,0,25
1,5,1,2,2,111,0,25
1,5,0,3,2,111,0,25
0,4,1,3,1,111,0,25
1,6,0,3,1,111,0,25
0,4,0,4,2,111,0,25
1,4,0,3,3,111,0,25
1,2,0,1,2,111,1,25
1,6,0,4,4,111,0,25
0,3,0,4,1,111,0,25
1,3,1,1,1,111,1,25
1,1,0,3,4,111,0,25
0,1,0,4,2,111,0,25
1,5,1,3,2,111,0,25
1,5,0,2,3,111,1,25
0,3,0,4,3,111,0,25
0,5,1,4,2,111,0,25
1,5,0,4,3,111,0,25
0,4,0,2,3,111,0,25
0,4,0,2,3,111,0,25
1,4,0,3,1,111,1,25
0,5,1,3,4,111,0,25
1,1,1,4,3,111,0,25
0,5,1,3,4,111,0,25
0,6,0,2,1,111,0,25
0,2,1,2,3,111,0,25
1,2,0,3,2,111,0,25
0,2,1,3,2,111,0,25
0,3,0,4,2,111,0,25
0,5,0,3,1,111,0,25
1,4,1,2,4,111,1,25
0,2,0,3,2,111,0,25
1,3,0,4,3,111,0,25
0,5,1,3,3,111,0,25
1,5,0,2,1,111,1,25
1,5,1,3,1,111,0,25
1,2,1,4,1,111,0,25
1,3,1,2,3,111,0,25
0,1,0,2,2,111,0,25
0,5,0,3,3,111,0,25
0,5,1,4,2,111,0,25
0,4,0,1,1,111,0,25
0,2,1,3,2,111,0,25
1,1,0,2,4,111,0,25
1,6,0,3,1,111,1,25
1,5,0,2,1,111,1,25
1,4,0,4,1,111,0,25
0,4,1,3,3,111,0,25
1,2,1,3,2,111,0,25
1,1,0,1,3,111,0,25
1,5,0,2,3,111,0,25
0,4,1,2,1,111,0,25
0,4,0,4,2,111,0,25
1,6,0,4,1,111,0,25
1,5,1,2,2,111,0,25
0,2,0,3,1,111,0,25
1,3,0,4,1,111,0,25
0,2,0,3,1,111,0,25
0,1,0,1,1,111,0,25
0,3,0,2,1,111,0,25
1,1,0,2,1,111,0,25
0,2,0,3,1,111,0,25
1,3,1,2,2,111,0,25
1,5,0,2,1,111,1,25
0,3,0,1,3,111,1,25
1,3,0,1,3,111,1,25
0,3,1,1,3,111,0,25
0,4,1,2,3,111,0,25
0,2,0,3,1,111,0,25
1,5,0,3,3,111,1,25
0,4,0,1,3,111,0,25
0,4,0,3,2,111,0,25
1,2,1,1,2,111,0,25
0,2,0,3,1,111,0,25
1,2,0,2,3,111,0,25
1,3,0,3,1,111,0,25
1,5,0,4,2,111,0,25
0,5,0,3,4,111,0,25
1,6,0,1,3,111,1,25
1,5,0,3,4,111,0,25
1,1,0,4,1,111,0,25
0,6,0,2,1,114,1,26
1,2,0,2,3,114,0,26
1,4,1,2,2,114,0,26
1,5,1,2,1,114,0,26
0,3,1,3,1,114,0,26
1,5,1,3,2,114,0,26
1,2,0,3,1,114,0,26
1,5,1,1,1,114,0,26
1,4,0,1,2,114,1,26
0,3,1,2,1,114,0,26
1,4,0,2,1,114,1,26
0,4,0,2,3,114,0,26
0,4,0,4,2,114,0,26
1,6,0,1,3,114,1,26
0,2,1,4,3,114,0,26
1,4,0,2,2,114,0,26
1,2,1,4,4,114,0,26
1,3,0,1,2,114,1,26
0,5,0,2,1,114,0,26
0,5,0,2,2,114,0,26
0,5,1,1,4,114,0,26
0,3,1,3,2,114,0,26
0,1,1,4,4,114,0,26
1,2,1,2,1,114,0,26
0,3,0,2,3,114,0,26
1,3,0,1,4,114,1,26
1,6,1,3,4,114,0,26
0,4,1,3,2,114,0,26
1,2,0,1,2,114,1,26
1,2,0,3,1,114,0,26
0,3,0,4,1,114,0,26
0,6,0,2,3,114,1,26
1,2,0,2,3,114,0,26
1,5,1,3,4,114,0,26
1,2,1,1,1,114,0,26
0,1,1,3,2,114,0,26
0,4,1,3,3,114,0,26
1,3,1,3,1,114,0,26
1,3,0,2,2,114,0,26
0,2,0,3,4,114,0,26
1,1,0,1,1,114,1,26
1,5,0,1,1,114,1,26
1,5,0,3,4,114,0,26
0,1,0,3,3,114,0,26
1,6,0,3,3,114,0,26
0,3,1,3,1,114,0,26
0,2,1,4,2,114,0,26
1,4,0,1,1,114,1,26
1,6,1,3,1,114,0,26
1,3,1,3,1,114,0,26
0,4,0,2,3,114,0,26
1,5,0,4,2,114,0,26
0,2,0,3,3,114,0,26
0,5,1,3,1,114,0,26
1,5,1,3,4,114,0,26
0,3,1,2,1,114,0,26
0,4,0,1,1,114,0,26
0,6,0,2,3,114,0,26
1,3,0,2,3,114,1,26
0,2,1,4,2,114,0,26
1,4,0,3,1,114,1,26
1,4,0,2,2,114,0,26
1,6,0,3,3,114,0,26
1,3,0,2,4,114,1,26
0,4,1,3,2,114,0,26
1,4,0,2,1,114,1,26
0,3,1,2,3,114,0,26
1,6,0,2,3,114,1,26
1,2,0,3,2,114,0,26
0,3,0,2,3,114,0,26
0,2,0,3,1,114,0,26
0,3,1,2,1,114,0,26
1,5,0,4,1,114,0,26
0,3,1,3,1,114,0,26
0,1,1,4,3,114,0,26
1,3,0,4,1,114,0,26
1,4,1,2,1,114,0,26
1,4,0,3,1,114,0,26
1,2,1,4,1,114,0,26
0,6,0,3,1,114,0,26
1,4,0,3,1,114,1,26
0,2,0,4,1,114,0,26
1,5,1,3,1,114,0,26
1,2,0,3,1,114,0,26
1,3,0,3,3,114,1,26
1,4,0,2,2,114,0,26
1,5,0,2,4,114,0,26
0,1,1,4,1,114,0,26
0,6,0,4,3,114,0,26
0,4,1,3,3,114,0,26
1,1,0,1,1,114,1,26
0,4,1,2,1,114,0,26
1,1,0,2,2,114,0,26
1,4,1,3,4,114,0,26
0,3,1,3,3,114,0,26
0,2,1,3,3,114,0,26
0,2,1,3,1,114,0,26
1,4,0,2,1,114,1,26
0,3,0,3,3,114,1,26
1,3,0,3,3,114,0,26
1,2,1,2,1,114,0,26
0,5,0,1,4,114,1,26
0,4,1,4,3,114,0,26
1,5,1,1,4,114,0,26
0,1,0,2,1,114,0,26
0,1,0,1,1,114,0,26
1,5,0,2,1,114,1,26
0,3,0,2,3,114,0,26
1,2,0,3,2,114,0,26
1,2,1,3,2,114,0,26
0,5,0,4,1,114,0,26
0,3,0,3,3,114,0,26
0,2,0,1,1,114,0,26
0,3,0,3,2,114,0,26
1,5,0,2,1,114,0,26
0,5,0,2,2,114,0,26
1,3,1,2,1,114,0,26
1,3,0,3,4,114,0,26
1,3,0,2,3,114,1,26
1,2,1,1,1,114,0,26
0,6,1,3,1,114,0,26
1,2,0,3,3,114,0,26
1,3,1,1,4,114,0,26
1,5,0,3,1,114,0,26
1,1,1,3,2,114,0,26
0,3,0,2,1,114,0,26
1,2,0,2,2,114,0,26
1,2,0,1,1,114,1,26
0,2,1,2,2,114,0,26
1,5,0,3,2,114,0,26
1,6,0,3,3,117,0,27
1,5,1,2,4,117,0,27
0,4,1,4,3,117,0,27
0,5,0,3,1,117,0,27
0,6,0,3,3,117,0,27
1,4,0,3,1,117,0,27
0,5,1,2,2,117,0,27
0,2,0,4,3,117,0,27
1,2,0,1,1,117,1,27
1,5,0,2,3,117,0,27
0,5,0,2,2,117,0,27
1,1,0,3,3,117,0,27
1,6,1,2,1,117,1,27
0,3,0,4,2,117,0,27
1,3,0,1,4,117,1,27
0,2,0,2,3,117,0,27
1,2,1,2,1,117,0,27
0,3,1,3,2,117,0,27
1,4,0,3,3,117,0,27
1,3,0,1,3,117,1,27
1,3,1,2,2,117,0,27
1,6,0,4,1,117,1,27
0,4,0,3,4,117,0,27
1,5,0,3,1,117,0,27
1,5,1,2,2,117,0,27
0,4,0,3,3,117,0,27
1,5,1,2,2,117,0,27
0,4,0,3,2,117,0,27
0,2,0,3,4,117,0,27
1,3,1,3,1,117,0,27
0,6,0,3,1,117,0,27
0,3,0,1,1,117,0,27
0,5,0,1,1,117,0,27
0,1,0,3,3,117,0,27
1,3,0,1,2,117,0,27
0,4,0,2,3,117,0,27
0,3,0,2,2,117,0,27
0,5,0,3,2,117,0,27
1,4,0,2,2,117,0,27
0,2,1,3,1,117,0,27
1,4,0,3,1,117,0,27
0,4,0,2,3,117,0,27
1,5,0,4,2,117,0,27
0,1,0,3,3,117,0,27
1,3,0,2,1,117,1,27
0,5,0,4,1,117,0,27
1,5,1,2,2,117,0,27
0,3,0,4,3,117,0,27
0,3,0,3,4,117,0,27
0,3,0,4,4,117,0,27
1,5,1,3,1,117,0,27
1,3,0,2,3,117,1,27
1,4,0,4,3,117,0,27
1,2,1,4,2,117,0,27
0,2,0,3,2,117,0,27
1,6,0,2,1,117,1,27
0,1,0,2,2,117,0,27
1,5,0,2,2,117,0,27
1,3,1,4,1,117,0,27
1,2,0,3,3,117,0,27
0,5,0,1,3,117,0,27
1,3,0,4,1,117,0,27
1,4,1,3,3,117,0,27
1,2,0,4,4,117,0,27
1,1,0,3,2,117,1,27
1,6,0,1,2,117,1,27
0,3,1,3,1,117,0,27
0,1,0,2,1,117,0,27
1,1,1,2,2,117,0,27
0,2,0,3,1,117,0,27
1,4,0,3,3,117,0,27
1,2,0,3,1,117,0,27
1,2,0,3,2,117,1,27
1,3,0,1,1,117,0,27
1,5,0,3,4,117,0,27
1,5,0,3,1,117,0,27
0,4,1,3,4,117,0,27
0,3,0,4,2,117,0,27
1,4,1,2,4,117,0,27
1,2,1,2,3,117,0,27
0,5,0,4,1,117,0,27
0,3,0,3,1,117,0,27
1,3,0,4,1,117,0,27
0,4,0,4,4,117,0,27
1,4,1,3,4,117,0,27
0,4,0,2,2,117,0,27
0,6,0,3,1,117,0,27
0,2,0,3,4,117,0,27
0,5,1,3,3,117,0,27
1,2,0,2,4,117,1,27
1,2,0,3,3,117,0,27
1,4,0,3,3,117,0,27
1,3,1,3,3,117,0,27
1,4,0,1,2,117,1,27
0,3,1,3,1,117,0,27
1,2,1,2,2,117,0,27
0,4,0,4,2,117,0,27
1,2,0,3,3,117,0,27
1,2,1,2,1,117,0,27
1,3,1,2,3,117,0,27
1,4,1,2,2,120,0,28
0,5,1,2,1,120,0,28
1,2,0,2,1,120,0,28
0,5,0,3,1,120,0,28
1,3,0,2,1,120,1,28
0,4,1,4,3,120,0,28
1,4,0,3,1,120,0,28
0,3,0,1,3,120,0,28
0,5,0,2,1,120,0,28
0,4,0,4,1,120,0,28
1,2,0,1,1,120,1,28
0,2,1,3,2,120,0,28
1,4,1,3,1,120,0,28
0,2,1,2,3,120,0,28
0,2,0,2,2,120,0,28
0,3,0,1,1,120,0,28
0,4,0,1,1,120,0,28
0,3,0,3,1,120,0,28
1,4,1,3,3,120,0,28
1,6,0,2,3,120,1,28
1,4,0,3,1,120,0,28
0,4,0,2,2,120,0,28
1,1,1,2,1,120,0,28
1,3,0,3,2,120,0,28
0,4,0,3,2,120,0,28
0,2,1,3,2,120,0,28
1,1,0,2,1,120,0,28
0,5,0,2,4,120,0,28
0,5,1,1,1,120,0,28
1,6,0,2,2,120,1,28
0,5,0,3,1,120,0,28
1,4,0,1,3,120,1,28
1,1,0,3,4,120,0,28
0,5,0,2,1,120,0,28
1,5,1,2,1,120,0,28
1,1,0,2,4,120,0,28
1,4,0,1,1,120,1,28
0,4,1,2,2,120,0,28
1,3,1,3,3,120,0,28
0,2,1,2,2,120,0,28
0,3,0,2,4,120,0,28
1,1,0,4,4,120,0,28
1,3,0,3,4,120,0,28
1,5,1,3,3,120,0,28
0,5,1,4,1,120,0,28
0,2,1,2,1,120,0,28
1,6,1,3,3,120,0,28
1,5,0,2,3,120,1,28
0,3,0,2,2,120,0,28
0,2,0,1,1,120,0,28
1,2,0,2,2,120,1,28
0,6,0,3,3,120,0,28
0,5,0,3,3,120,0,28
0,6,1,2,3,120,0,28
0,4,1,3,3,120,0,28
1,3,0,2,1,120,1,28
1,4,0,1,4,120,0,28
1,2,0,4,4,120,0,28
1,5,0,2,2,120,0,28
0,4,0,3,1,120,0,28
1,1,0,2,1,120,0,28
1,3,0,2,2,120,0,28
0,4,1,2,1,120,0,28
1,4,0,1,4,120,1,28
0,5,0,2,1,120,0,28
0,6,1,2,1,120,0,28
1,1,0,2,4,120,0,28
1,5,1,3,3,120,0,28
1,2,0,1,2,120,1,28
1,6,0,3,2,120,0,28
0,2,0,1,4,120,0,28
1,2,0,2,2,120,0,28
0,6,0,2,2,120,0,28
0,4,0,2,2,120,0,28
1,3,1,4,1,120,0,28
1,5,0,1,2,120,0,28
0,6,1,2,3,120,0,28
0,3,0,3,1,120,0,28
0,4,1,1,1,120,0,28
0,2,0,4,1,120,0,28
0,3,0,3,2,120,0,28
1,2,0,2,2,120,0,28
0,1,0,3,3,120,0,28
1,4,0,4,2,120,0,28
0,2,0,1,4,120,1,28
1,6,0,3,1,120,0,28
0,4,1,4,1,120,0,28
0,5,0,2,4,120,0,28
0,3,1,2,1,120,0,28
1,4,1,3,4,120,0,28
0,5,1,3,2,120,0,28
0,2,0,2,1,120,0,28
1,5,0,1,1,120,1,28
1,3,0,4,1,120,0,28
0,3,0,4,2,120,0,28
1,3,1,2,1,120,0,28
0,2,0,1,3,120,0,28
0,3,0,4,1,120,0,28
0,5,0,2,1,120,0,28
1,2,0,3,2,120,0,28
0,1,0,1,2,120,0,28
1,3,0,3,1,123,0,29
1,4,1,4,3,123,0,29
0,4,1,3,3,123,0,29
1,4,1,2,4,123,0,29
0,4,0,4,4,123,0,29
0,3,1,2,3,123,0,29
0,2,0,3,2,123,0,29
0,1,0,4,1,123,0,29
1,4,0,2,1,123,1,29
0,3,0,2,1,123,0,29
1,5,1,2,1,123,0,29
1,6,0,2,2,123,1,29
0,5,1,2,4,123,0,29
0,2,1,2,3,123,0,29
1,4,0,4,1,123,1,29
1,5,0,3,3,123,0,29
0,4,0,2,3,123,0,29
0,1,0,4,3,123,0,29
1,3,1,3,1,123,0,29
0,4,0,3,1,123,0,29
1,4,0,3,4,123,0,29
0,2,0,3,1,123,0,29
0,5,0,1,3,123,0,29
1,5,1,3,4,123,0,29
1,1,0,2,4,123,0,29
1,5,1,2,2,123,1,29
1,1,1,1,3,123,0,29
1,5,0,1,1,123,1,29
0,1,1,3,3,123,0,29
0,2,0,2,1,123,0,29
1,3,0,3,2,123,0,29
1,4,1,2,4,123,0,29
0,2,0,3,2,123,1,29
1,1,1,3,1,123,0,29
0,2,0,3,1,123,0,29
0,3,0,3,3,123,0,29
0,5,0,4,4,123,0,29
0,1,0,2,2,123,0,29
0,4,1,3,2,123,0,29
1,4,0,2,3,123,0,29
1,2,0,2,1,123,1,29
1,3,1,3,3,123,0,29
1,2,0,2,1,123,0,29
1,4,1,2,1,123,0,29
1,4,1,3,4,123,0,29
0,1,1,2,1,123,0,29
0,2,0,3,1,123,0,29
0,1,0,4,1,123,0,29
0,5,0,3,2,123,0,29
1,5,0,2,2,123,1,29
0,5,1,1,4,123,0,29
0,2,0,2,2,123,0,29
1,3,1,1,1,123,0,29
1,4,0,3,4,123,0,29
0,3,1,2,1,123,0,29
1,2,0,2,4,123,0,29
0,2,0,3,3,123,0,29
0,5,0,1,3,123,0,29
0,2,0,4,1,123,0,29
0,5,0,3,1,123,0,29
1,2,0,3,4,123,0,29
0,3,0,1,2,123,1,29
0,3,0,3,4,123,0,29
0,5,0,2,2,123,0,29
0,1,0,2,3,123,0,29
0,2,0,3,3,123,0,29
0,6,0,3,2,123,0,29
0,6,0,2,2,123,0,29
1,4,0,3,4,123,0,29
1,5,0,4,4,123,0,29
1,5,0,2,3,123,0,29
1,3,1,3,2,123,0,29
1,3,0,2,2,123,0,29
1,5,1,4,3,123,0,29
1,1,0,2,3,123,1,29
0,3,0,1,3,123,0,29
1,4,0,3,1,123,1,29
1,1,0,3,1,123,0,29
0,1,0,3,3,123,0,29
1,6,0,1,2,123,0,29
1,2,0,3,2,123,0,29
0,1,0,2,3,123,0,29
0,5,0,2,2,126,0,30
1,2,1,1,4,126,0,30
1,5,1,1,1,126,0,30
1,5,0,1,2,126,1,30
0,5,0,2,1,126,0,30
0,1,1,3,1,126,0,30
1,4,0,3,2,126,0,30
1,4,0,3,4,126,0,30
0,3,1,2,2,126,0,30
0,3,0,1,3,126,0,30
0,2,1,2,2,126,0,30
0,4,1,2,3,126,0,30
1,4,0,2,1,126,0,30
0,4,0,1,1,126,0,30
1,1,0,3,1,126,1,30
0,4,0,4,3,126,0,30
0,4,0,1,3,126,0,30
1,3,0,3,3,126,0,30
1,1,0,2,3,126,1,30
0,4,1,1,1,126,0,30
1,5,0,3,1,126,0,30
1,3,1,3,4,126,0,30
0,6,1,3,2,126,0,30
0,4,0,3,4,126,0,30
0,1,1,4,1,126,0,30
0,2,0,1,1,126,0,30
1,5,0,2,4,126,1,30
0,1,1,2,1,126,0,30
1,1,0,2,2,126,0,30
0,6,0,1,1,126,0,30
0,5,0,1,2,126,1,30
0,6,0,1,1,126,0,30
0,5,0,2,1,126,0,30
0,5,0,4,2,126,0,30
1,4,0,3,4,126,0,30
0,4,0,3,2,126,0,30
1,1,0,3,4,126,0,30
1,3,0,2,1,126,1,30
1,4,1,1,3,126,0,30
1,4,0,3,2,126,1,30
1,1,0,1,1,126,0,30
0,5,0,1,3,126,0,30
0,4,0,2,3,126,0,30
1,2,0,2,4,126,0,30
0,5,0,4,3,126,0,30
1,3,0,2,1,126,1,30
1,3,1,2,3,126,0,30
1,5,0,1,1,126,1,30
1,5,0,2,1,126,1,30
1,5,0,3,3,126,0,30
1,6,0,2,3,126,0,30
0,3,1,1,3,126,0,30
1,5,0,2,3,126,1,30
1,4,0,3,2,126,0,30
0,1,1,2,2,126,0,30
0,5,0,3,4,126,0,30
0,3,1,1,1,126,0,30
0,1,0,4,4,126,0,30
1,3,0,2,1,126,0,30
0,2,0,3,4,126,0,30
1,1,1,1,3,126,0,30
1,1,0,1,1,126,0,30
0,2,1,3,1,126,0,30
1,2,0,2,1,126,1,30
1,1,1,2,1,126,0,30
0,4,0,2,2,126,0,30
1,4,0,3,1,126,0,30
1,3,0,3,1,126,0,30
1,4,0,2,2,126,0,30
1,5,1,2,1,126,0,30
0,4,0,3,1,126,0,30
1,1,0,2,3,126,0,30
0,3,1,2,2,126,0,30
0,1,0,2,4,126,0,30
1,4,0,4,2,126,0,30
0,4,0,2,2,126,0,30
0,1,1,2,1,126,0,30
0,2,1,2,1,126,0,30
1,1,0,4,2,126,0,30
1,6,1,2,3,126,0,30
1,1,0,3,3,126,0,30
0,2,1,3,3,126,0,30
0,5,0,3,2,126,0,30
1,4,1,4,2,126,0,30
1,2,1,1,2,126,0,30
0,1,0,4,3,126,0,30
0,2,0,1,1,126,0,30
1,1,0,3,4,126,0,30
0,1,1,3,1,126,0,30
0,5,0,3,1,126,0,30
0,2,1,2,3,126,0,30
0,2,1,3,1,126,0,30
0,5,0,2,3,126,0,30
0,3,1,3,1,126,0,30
0,2,0,4,2,126,0,30
1,5,1,4,2,126,0,30
1,6,0,1,3,126,1,30
0,5,0,4,3,126,0,30
1,3,0,3,2,126,0,30
1,2,0,3,1,126,0,30
1,5,0,3,3,126,0,30
0,2,0,2,2,126,0,30
0,4,0,2,1,129,0,31
0,5,1,2,2,129,0,31
0,4,0,2,4,129,1,31
1,4,0,3,1,129,1,31
1,4,0,3,1,129,0,31
1,2,0,1,1,129,1,31
1,4,0,1,1,129,1,31
0,2,0,4,3,129,0,31
1,1,1,2,3,129,0,31
1,1,0,4,1,129,0,31
1,2,0,3,4,129,0,31
0,4,0,1,1,129,1,31
1,3,0,3,1,129,0,31
1,3,1,4,2,129,0,31
0,3,1,1,3,129,0,31
1,1,1,2,1,129,0,31
0,1,1,3,2,129,0,31
0,1,1,3,1,129,0,31
1,6,1,4,2,129,0,31
1,6,0,3,4,129,0,31
1,1,1,2,3,129,0,31
0,2,0,2,4,129,0,31
0,3,0,4,2,129,0,31
0,2,1,2,2,129,0,31
0,3,0,4,1,129,0,31
1,5,0,4,1,129,0,31
1,4,0,4,2,129,0,31
0,2,0,2,2,129,1,31
1,6,1,3,3,129,0,31
0,4,1,4,3,129,0,31
1,2,0,3,3,129,0,31
0,4,0,3,1,129,0,31
1,6,0,4,2,129,0,31
1,3,1,2,1,129,0,31
1,4,0,1,4,129,1,31
0,5,0,1,2,129,1,31
0,6,0,3,3,129,0,31
0,4,0,3,3,129,0,31
0,1,0,3,1,129,0,31
1,6,0,1,2,129,0,31
0,1,1,2,2,129,0,31
0,4,0,2,4,129,0,31
1,5,0,2,2,129,1,31
1,4,0,3,3,129,1,31
0,2,0,2,2,129,0,31
0,1,0,1,2,129,0,31
1,1,0,3,2,129,0,31
1,3,1,1,3,129,0,31
0,5,0,4,3,129,0,31
1,4,0,3,1,129,0,31
0,5,1,4,1,129,0,31
0,2,1,1,4,129,0,31
0,4,0,3,1,129,0,31
1,6,0,1,3,129,0,31
0,6,0,3,1,129,0,31
0,2,0,1,1,129,0,31
1,2,0,4,4,129,0,31
0,5,1,3,1,129,0,31
1,2,0,3,2,129,0,31
0,4,1,2,2,129,0,31
0,5,1,2,2,129,0,31
1,4,1,2,3,129,0,31
1,6,0,3,2,129,0,31
0,4,0,2,2,129,0,31
0,6,0,4,2,129,0,31
0,5,0,3,1,129,0,31
1,2,0,3,1,129,0,31
0,4,0,3,3,129,0,31
1,5,0,2,1,129,0,31
1,4,0,2,3,129,1,31
0,4,0,2,2,129,0,31
1,2,0,2,3,129,0,31
0,3,1,3,4,129,0,31
1,2,0,1,1,129,0,31
0,4,0,4,3,129,0,31
0,1,0,3,1,129,0,31
1,2,0,3,2,129,0,31
0,2,0,4,3,129,0,31
1,1,0,3,3,129,0,31
1,1,1,1,1,129,0,31
0,3,0,3,2,129,0,31
0,2,0,1,4,129,1,31
1,2,0,3,2,129,0,31
1,5,0,2,2,129,1,31
1,2,0,3,4,129,0,31
0,5,0,1,2,129,0,31
0,5,0,4,3,129,0,31
1,2,0,3,1,129,0,31
1,6,1,2,3,129,0,31
1,1,0,2,3,129,0,31
1,4,0,4,1,129,0,31
1,5,0,3,1,129,0,31
0,2,1,3,3,129,0,31
1,5,0,3,1,129,1,31
0,3,1,2,1,129,0,31
0,6,1,3,4,129,0,31
0,1,0,1,3,129,0,31
1,3,0,2,4,129,1,31
1,5,0,4,1,129,0,31
1,4,0,1,4,129,0,31
0,6,0,1,1,129,0,31
0,3,1,1,2,129,0,31
1,5,0,1,1,129,1,31
0,1,0,3,3,129,0,31
0,1,0,3,2,129,0,31
0,3,0,2,2,129,0,31
0,2,0,1,1,132,0,32
1,4,0,2,1,132,1,32
0,2,1,3,2,132,0,32
1,6,0,1,2,132,1,32
0,6,0,1,3,132,0,32
1,6,0,2,1,132,0,32
0,4,0,2,1,132,0,32
0,5,0,3,1,132,0,32
0,5,0,3,2,132,0,32
0,1,0,2,4,132,0,32
0,3,0,2,1,132,1,32
0,5,0,4,2,132,0,32
0,5,0,2,4,132,0,32
0,4,0,3,2,132,0,32
0,2,0,4,3,132,0,32
0,2,0,2,1,132,0,32
0,2,1,1,4,132,0,32
1,4,0,3,2,132,0,32
0,3,0,3,2,132,0,32
0,5,0,2,4,132,0,32
1,5,1,3,1,132,0,32
0,2,1,1,3,132,0,32
1,5,1,1,3,132,1,32
1,5,0,3,3,132,0,32
0,4,0,2,1,132,0,32
0,6,0,4,3,132,0,32
1,1,1,3,1,132,0,32
0,6,0,2,4,132,0,32
0,3,1,2,4,132,0,32
1,2,1,3,1,132,0,32
0,2,0,3,2,132,0,32
0,2,1,2,3,132,0,32
0,6,0,2,1,132,0,32
0,3,0,2,2,132,0,32
1,1,0,2,4,132,0,32
1,2,0,4,4,132,0,32
1,4,1,3,2,132,0,32
1,1,0,3,3,132,0,32
0,3,0,1,3,132,0,32
0,1,0,4,1,132,0,32
1,4,1,4,1,132,0,32
0,5,0,4,1,132,0,32
0,6,1,2,1,132,0,32
1,4,1,4,4,132,0,32
0,5,0,4,1,132,0,32
1,2,1,1,4,132,0,32
1,4,0,3,3,132,1,32
0,4,1,2,3,132,0,32
0,2,0,3,4,132,0,32
0,5,1,4,1,132,0,32
0,3,0,3,2,132,0,32
0,3,0,1,4,132,0,32
1,3,0,1,1,132,1,32
1,4,0,2,3,132,0,32
0,4,0,1,1,132,0,32
0,4,1,3,1,132,0,32
1,5,0,4,4,132,0,32
1,3,1,3,3,132,0,32
0,4,0,3,2,132,0,32
1,4,0,1,4,132,0,32
0,3,0,3,2,132,0,32
1,4,0,3,3,132,1,32
0,4,0,1,3,132,0,32
0,5,1,3,2,132,0,32
0,5,0,2,2,132,0,32
1,3,1,3,1,132,0,32
1,2,1,2,3,132,1,32
0,3,0,2,1,132,0,32
0,6,1,3,3,132,0,32
1,4,0,1,1,132,1,32
0,5,0,2,3,132,0,32
1,4,0,4,1,132,0,32
0,4,0,4,1,132,0,32
0,2,0,2,3,132,0,32
1,5,0,1,2,132,1,32
1,2,0,2,4,132,1,32
0,3,0,2,2,132,0,32
0,4,0,2,1,132,0,32
1,2,0,4,1,132,0,32
1,1,0,2,1,132,0,32
0,3,1,2,2,132,0,32
0,4,1,2,1,132,0,32
0,4,0,3,2,132,0,32
1,4,0,2,4,132,1,32
1,1,0,1,2,132,1,32
0,4,0,2,4,132,1,32
0,3,1,3,1,132,0,32
0,1,1,1,3,132,0,32
1,5,0,2,1,132,0,32
1,3,1,2,3,132,0,32
0,4,0,2,1,132,0,32
0,3,1,3,1,132,0,32
0,4,0,2,1,132,0,32
1,6,1,2,1,132,0,32
1,6,1,1,3,132,1,32
0,5,1,3,2,132,0,32
0,4,1,3,2,132,0,32
1,4,0,4,4,132,0,32
1,3,0,3,3,132,1,32
0,3,0,3,2,132,0,32
1,5,0,1,1,132,1,32
1,6,0,1,1,132,1,32
0,4,1,3,3,132,0,32
0,3,0,3,3,132,0,32
0,3,0,1,3,132,0,32
0,2,1,3,2,132,0,32
0,1,1,3,2,132,0,32
1,3,0,2,3,132,1,32
0,5,1,3,1,132,0,32
1,3,0,3,3,132,0,32
0,4,1,2,2,132,0,32
0,5,1,2,1,132,0,32
0,4,0,3,1,132,0,32
0,4,1,2,3,132,0,32
0,4,0,1,1,132,0,32
1,5,0,2,1,135,1,33
0,5,0,3,1,135,0,33
1,1,0,2,2,135,1,33
1,2,1,2,4,135,0,33
1,3,0,3,2,135,0,33
0,4,0,4,1,135,0,33
1,3,0,2,3,135,1,33
1,5,0,2,2,135,0,33
1,5,0,2,2,135,1,33
0,4,0,1,4,135,0,33
0,3,1,2,2,135,0,33
1,4,1,3,1,135,0,33
1,2,1,3,1,135,0,33
0,5,0,2,1,135,1,33
1,5,0,4,2,135,0,33
0,1,1,1,1,135,0,33
0,2,0,2,1,135,0,33
0,5,0,1,3,135,0,33
0,2,1,2,2,135,0,33
0,2,0,4,3,135,0,33
1,2,0,2,2,135,0,33
1,1,1,2,2,135,0,33
0,2,0,2,1,135,0,33
1,5,0,3,4,135,0,33
1,6,0,3,1,135,0,33
0,6,1,1,1,135,0,33
0,4,0,3,2,135,0,33
0,4,0,1,2,135,0,33
1,5,0,1,1,135,1,33
1,6,0,3,4,135,0,33
0,4,1,2,1,135,0,33
1,4,0,2,4,135,1,33
0,2,1,3,2,135,0,33
0,2,0,3,2,135,0,33
0,6,0,3,2,135,0,33
1,5,0,2,3,135,1,33
0,1,0,4,1,135,0,33
0,3,1,4,2,135,0,33
1,2,0,3,3,135,0,33
0,1,0,3,2,135,0,33
1,4,0,3,2,135,0,33
0,1,0,2,4,135,0,33
0,3,0,2,2,135,0,33
0,4,0,4,1,135,0,33
0,1,0,3,3,135,0,33
0,2,0,1,4,135,0,33
0,4,0,1,1,135,0,33
1,1,0,1,1,135,1,33
1,2,0,3,2,135,0,33
0,5,0,3,1,135,0,33
0,2,1,2,2,135,0,33
1,5,0,2,4,135,0,33
0,6,0,4,2,135,0,33
1,2,0,2,4,135,0,33
0,2,0,3,1,135,0,33
0,2,0,2,3,135,0,33
0,3,1,1,1,135,0,33
1,5,0,4,2,135,0,33
0,4,0,2,2,135,1,33
0,3,0,3,3,135,0,33
1,3,0,4,1,135,0,33
0,2,0,3,2,135,0,33
1,2,1,3,3,135,0,33
1,4,0,4,1,135,0,33
1,5,1,2,3,135,0,33
1,2,1,4,2,135,0,33
1,5,1,4,2,135,0,33
0,2,0,4,3,135,0,33
0,1,0,3,3,135,0,33
0,5,0,1,1,135,0,33
0,4,0,4,3,135,0,33
1,4,0,1,1,135,1,33
0,4,0,2,2,135,0,33
1,2,0,3,2,135,0,33
0,3,0,2,3,135,0,33
1,2,1,2,3,135,1,33
1,3,1,2,4,135,0,33
0,3,1,2,3,135,0,33
1,1,1,2,1,135,0,33
1,3,0,2,1,135,1,33
1,5,0,3,2,135,0,33
0,5,0,2,1,135,0,33
0,5,0,2,2,135,0,33
0,2,0,2,4,135,0,33
1,4,0,3,1,135,1,33
0,6,0,2,3,135,0,33
0,2,1,4,3,135,0,33
1,5,0,3,3,135,0,33
1,2,0,1,1,135,1,33
0,4,0,2,1,135,0,33
0,2,0,3,3,135,0,33
0,6,0,4,2,135,0,33
1,4,1,3,3,135,0,33
0,2,1,3,1,135,0,33
0,5,0,1,2,135,0,33
0,5,0,3,1,135,0,33
1,2,1,3,3,135,0,33
0,5,1,3,3,135,0,33
0,4,0,2,3,135,0,33
0,2,0,2,1,135,0,33
1,5,0,1,3,135,1,33
1,6,1,2,1,135,0,33
1,3,0,1,2,138,1,34
1,2,1,3,2,138,0,34
1,5,1,4,2,138,0,34
1,3,0,3,3,138,0,34
0,2,0,2,2,138,0,34
1,3,1,2,4,138,0,34
0,3,0,2,3,138,0,34
1,4,1,2,4,138,0,34
0,2,0,4,1,138,0,34
1,5,0,3,3,138,1,34
1,2,0,2,2,138,0,34
0,1,1,3,3,138,0,34
0,3,0,1,1,138,0,34
1,1,0,2,2,138,0,34
1,4,0,2,1,138,1,34
1,3,0,4,3,138,0,34
0,3,0,2,4,138,0,34
0,3,1,1,4,138,0,34
1,5,0,3,1,138,1,34
1,4,1,2,1,138,0,34
0,4,0,3,3,138,0,34
0,4,0,2,4,138,0,34
1,3,0,3,3,138,0,34
1,3,1,2,1,138,0,34
1,2,1,3,1,138,0,34
0,3,0,4,2,138,0,34
1,2,0,3,3,138,0,34
0,3,0,4,3,138,0,34
0,4,0,3,2,138,0,34
0,3,0,3,4,138,0,34
1,4,0,3,1,138,0,34
0,1,0,3,3,138,0,34
0,3,0,2,2,138,0,34
1,5,0,3,1,138,0,34
0,2,1,2,3,138,0,34
0,5,0,3,1,138,0,34
1,1,0,3,3,138,0,34
1,5,1,4,4,138,0,34
0,4,0,2,1,138,0,34
0,3,1,1,3,138,1,34
0,4,0,3,2,138,0,34
1,5,0,3,3,138,0,34
1,4,0,3,1,138,1,34
1,5,1,3,1,138,0,34
1,4,0,1,1,138,1,34
1,2,1,1,3,138,0,34
0,5,0,2,1,138,0,34
1,4,0,2,1,138,1,34
0,3,0,2,4,138,1,34
0,2,0,1,1,138,0,34
0,5,0,1,2,138,1,34
1,3,0,3,2,138,0,34
0,6,1,3,1,138,0,34
1,2,0,2,3,138,0,34
1,4,0,2,3,138,0,34
0,6,0,4,4,138,0,34
0,3,0,3,1,138,0,34
1,6,1,3,3,138,0,34
1,5,0,4,2,138,0,34
0,4,0,3,3,138,0,34
0,2,0,3,1,138,0,34
1,1,0,3,2,138,1,34
0,6,0,3,3,138,0,34
1,4,1,2,2,138,0,34
1,3,0,3,3,138,0,34
1,3,1,3,1,138,0,34
0,2,0,4,3,138,0,34
1,5,0,1,2,138,1,34
0,4,0,4,1,138,0,34
1,5,0,1,4,138,0,34
0,2,0,3,3,138,0,34
0,2,0,2,1,138,1,34
0,2,0,4,2,138,0,34
0,4,1,3,4,138,0,34
0,2,1,4,2,138,0,34
1,4,0,2,3,138,1,34
0,5,1,1,2,138,0,34
0,4,0,2,2,138,0,34
1,2,1,1,2,138,0,34
0,2,1,3,2,138,0,34
0,3,1,3,1,138,0,34
0,4,0,2,1,138,1,34
1,3,0,2,1,138,0,34
1,4,0,4,1,138,0,34
0,3,0,1,1,138,1,34
0,1,0,1,1,138,1,34
1,5,1,2,4,138,0,34
0,1,1,4,3,138,0,34
0,6,0,2,3,138,1,34
0,1,1,4,3,138,0,34
1,2,0,2,2,138,0,34
0,3,0,1,3,138,0,34
0,4,0,2,2,138,0,34
0,3,0,4,3,138,0,34
1,2,0,2,1,138,0,34
1,4,0,2,2,138,0,34
1,2,0,3,2,138,0,34
0,3,0,2,4,138,0,34
0,6,0,2,4,138,1,34
1,4,0,1,4,138,1,34
0,5,0,4,3,141,0,35
0,6,0,2,3,141,0,35
0,5,0,2,1,141,0,35
1,4,1,3,2,141,0,35
1,3,0,1,2,141,1,35
0,1,1,3,1,141,0,35
0,4,0,2,1,141,1,35
0,6,1,2,2,141,0,35
1,3,1,2,3,141,0,35
1,5,1,3,3,141,0,35
0,5,0,4,4,141,0,35
0,5,1,2,3,141,0,35
0,2,0,3,1,141,0,35
1,6,0,2,2,141,0,35
1,1,0,1,2,141,1,35
1,6,0,4,1,141,0,35
1,2,0,3,2,141,0,35
1,2,1,3,2,141,0,35
1,3,0,2,1,141,1,35
1,5,1,2,3,141,0,35
0,6,0,2,4,141,0,35
1,2,0,4,1,141,0,35
0,4,0,2,3,141,0,35
0,1,0,4,3,141,0,35
0,2,0,3,1,141,0,35
0,4,0,2,3,141,0,35
1,5,0,3,4,141,0,35
0,3,1,3,3,141,0,35
1,5,0,1,1,141,1,35
1,5,1,3,4,141,0,35
0,4,0,2,2,141,0,35
0,1,0,2,1,141,1,35
0,3,1,2,2,141,0,35
1,4,0,3,3,141,0,35
1,5,0,3,1,141,0,35
1,3,1,2,1,141,0,35
0,4,0,2,4,141,1,35
0,3,0,4,4,141,0,35
0,4,0,1,3,141,1,35
0,3,0,3,1,141,0,35
1,2,0,3,2,141,0,35
0,5,0,3,4,141,0,35
1,3,1,4,1,141,0,35
0,3,1,3,4,141,0,35
1,5,0,3,1,141,1,35
0,1,1,4,2,141,0,35
0,1,0,1,1,141,0,35
0,5,0,2,1,141,0,35
1,3,0,3,4,141,0,35
1,5,0,2,3,141,1,35
1,5,1,2,4,141,0,35
0,5,0,3,3,141,0,35
0,3,0,2,1,141,0,35
0,5,0,3,2,141,0,35
0,1,1,4,3,141,0,35
0,2,0,2,4,141,0,35
1,6,1,1,2,141,0,35
0,6,0,1,1,141,0,35
1,4,0,2,1,141,1,35
0,5,0,1,1,141,1,35
1,5,1,2,1,141,0,35
0,1,0,1,1,141,1,35
0,6,0,2,2,141,0,35
0,2,1,3,3,141,0,35
0,3,1,3,2,141,0,35
1,3,1,2,1,141,0,35
0,5,0,3,2,141,0,35
1,2,0,2,1,141,0,35
1,3,0,3,1,141,0,35
1,3,0,2,2,141,0,35
1,6,0,1,4,141,0,35
0,4,0,4,1,141,0,35
1,6,0,2,4,141,1,35
0,2,0,2,4,141,0,35
0,2,0,2,2,141,0,35
0,3,0,4,3,141,0,35
1,5,1,1,1,141,0,35
0,1,0,3,1,141,0,35
1,4,0,3,3,141,1,35
1,2,0,2,2,141,1,35
0,5,0,2,2,141,1,35
0,2,0,3,1,141,0,35
0,5,0,3,1,141,0,35
1,5,0,3,1,141,0,35
0,3,0,3,1,141,0,35
0,1,0,2,2,141,0,35
0,4,1,3,1,141,0,35
0,3,1,2,3,141,0,35
0,2,0,3,2,141,0,35
0,3,0,3,1,141,0,35
1,5,0,1,2,141,1,35
0,1,1,4,2,141,0,35
1,4,1,3,1,141,0,35
0,4,0,3,1,141,0,35
0,5,0,1,3,141,0,35
0,6,0,3,2,141,0,35
1,2,1,3,2,141,0,35
1,2,0,2,3,141,1,35
1,4,0,3,3,141,0,35
0,1,1,1,2,141,0,35
0,5,0,3,1,141,0,35
1,4,0,3,3,141,1,35
0,2,0,3,3,141,0,35
1,5,1,2,2,141,0,35
1,5,0,2,2,141,0,35
1,4,1,1,1,144,0,36
1,2,0,3,2,144,0,36
1,3,0,2,1,144,1,36
0,1,0,3,2,144,0,36
0,2,0,2,2,144,0,36
0,2,0,2,3,144,0,36
0,3,0,2,2,144,0,36
1,4,1,3,1,144,0,36
0,2,0,4,1,144,0,36
1,5,0,2,2,144,1,36
0,2,0,3,2,144,0,36
1,5,0,1,1,144,1,36
0,3,0,2,3,144,0,36
1,3,1,3,1,144,0,36
0,5,1,2,3,144,0,36
1,1,0,4,2,144,0,36
1,3,0,2,4,144,0,36
0,4,0,1,1,144,1,36
1,5,0,4,1,144,0,36
0,5,0,2,3,144,0,36
1,2,0,4,2,144,0,36
1,1,0,1,1,144,1,36
1,5,0,4,1,144,0,36
1,1,1,2,2,144,0,36
1,5,1,1,3,144,0,36
1,1,0,3,2,144,1,36
1,5,1,4,3,144,0,36
0,1,0,1,2,144,0,36
1,6,0,2,1,144,0,36
0,4,0,2,3,144,0,36
1,4,1,1,1,144,0,36
0,3,0,1,3,144,0,36
0,4,0,1,4,144,1,36
1,5,0,3,1,144,0,36
1,2,0,3,3,144,0,36
1,4,1,3,4,144,0,36
0,2,0,1,3,144,1,36
1,5,0,2,2,144,1,36
0,3,0,2,1,144,0,36
0,3,0,1,2,144,1,36
1,5,1,2,2,144,1,36
1,2,1,1,3,144,0,36
0,6,1,3,1,144,0,36
1,4,0,4,3,144,0,36
1,1,0,1,1,144,1,36
0,3,0,3,2,144,0,36
1,1,0,3,1,144,1,36
1,3,1,3,4,144,0,36
0,4,0,4,1,144,0,36
1,4,0,3,1,144,0,36
1,4,0,2,2,144,1,36
1,3,0,1,3,144,1,36
1,3,0,1,1,144,1,36
1,1,1,3,1,144,0,36
0,2,0,1,4,144,1,36
1,2,0,3,3,144,0,36
1,5,0,2,2,144,0,36
0,6,0,1,1,144,0,36
1,5,0,2,2,144,1,36
0,4,0,2,1,144,0,36
1,5,1,3,1,144,0,36
0,4,1,3,2,144,0,36
0,4,0,2,3,144,0,36
0,1,0,2,3,144,0,36
0,4,0,4,1,144,0,36
0,5,1,1,3,144,0,36
0,2,0,2,4,144,0,36
0,6,0,3,3,144,0,36
0,2,1,3,1,144,0,36
0,6,0,3,3,144,0,36
1,3,1,4,3,144,0,36
1,1,0,4,3,144,0,36
1,2,0,1,3,144,1,36
0,1,0,2,3,144,0,36
1,3,0,3,2,144,0,36
1,2,0,2,2,144,1,36
0,4,0,3,2,144,0,36
0,5,1,3,1,144,0,36
1,3,1,3,3,144,0,36
0,4,0,3,2,144,0,36
1,2,0,2,3,144,1,36
0,3,0,3,2,144,0,36
1,2,0,1,3,144,1,36
1,3,0,3,1,144,0,36
1,2,1,2,3,144,0,36
0,4,0,1,1,144,1,36
0,5,0,3,1,144,0,36
0,5,1,4,4,144,0,36
0,5,0,1,4,144,0,36
1,5,1,3,1,144,0,36
1,2,1,3,2,144,0,36
1,3,0,3,1,144,0,36
0,2,1,4,2,144,0,36
0,3,0,2,2,144,0,36
1,1,0,4,1,144,0,36
1,5,1,3,2,144,0,36
0,5,0,2,4,144,0,36
0,1,1,1,4,144,0,36
0,4,1,1,4,144,0,36
1,4,1,3,2,144,0,36
0,3,0,4,3,144,0,36
0,6,0,1,2,144,1,36
1,1,0,2,3,144,0,36
0,5,1,2,1,144,0,36
0,1,0,4,3,144,0,36
0,1,0,2,1,144,0,36
1,4,0,2,3,144,0,36
0,5,0,3,2,144,1,36
0,1,1,1,3,147,0,37
0,5,0,1,2,147,0,37
0,5,0,3,1,147,0,37
0,2,0,1,2,147,1,37
1,4,0,1,1,147,1,37
0,5,0,3,4,147,0,37
1,3,0,3,3,147,1,37
1,1,0,3,2,147,1,37
1,3,0,2,1,147,1,37
1,5,1,2,1,147,0,37
1,3,0,2,4,147,1,37
0,4,1,1,2,147,0,37
0,5,1,3,1,147,0,37
0,2,0,3,3,147,0,37
0,4,0,2,1,147,0,37
0,1,0,3,1,147,1,37
1,3,1,1,2,147,0,37
0,4,0,2,1,147,0,37
1,2,0,3,3,147,1,37
1,2,0,2,3,147,1,37
0,3,0,3,2,147,0,37
0,2,1,4,2,147,0,37
0,3,1,2,2,147,0,37
1,3,1,2,1,147,0,37
1,4,1,2,4,147,0,37
1,3,1,3,1,147,0,37
0,2,0,3,1,147,0,37
0,4,0,4,2,147,0,37
1,2,1,2,1,147,0,37
1,5,1,3,4,147,0,37
1,4,0,1,1,147,1,37
0,3,0,2,3,147,0,37
0,5,0,2,4,147,1,37
0,3,1,4,2,147,0,37
0,2,0,3,1,147,0,37
1,4,0,3,3,147,0,37
1,5,0,4,3,147,0,37
1,4,1,3,1,147,0,37
0,5,1,1,1,147,0,37
0,4,0,2,4,147,0,37
0,6,1,3,1,147,0,37
1,2,0,3,2,147,0,37
0,2,0,2,1,147,0,37
0,5,1,3,1,147,0,37
0,2,1,3,1,147,0,37
0,2,1,2,4,147,0,37
1,2,0,4,3,147,0,37
0,4,0,3,4,147,0,37
0,5,0,1,1,147,1,37
1,5,0,1,4,147,1,37
1,2,1,3,1,147,0,37
0,4,0,1,1,147,0,37
1,1,0,1,1,147,1,37
0,2,1,2,2,147,0,37
0,2,1,2,2,147,0,37
1,1,0,2,1,147,0,37
1,6,0,2,3,147,1,37
0,4,1,1,4,147,0,37
0,2,0,2,2,147,0,37
0,5,0,2,3,147,0,37
0,4,0,3,1,147,0,37
1,4,0,4,2,147,0,37
1,6,1,3,1,147,0,37
1,4,0,3,1,147,0,37
0,4,0,2,1,147,0,37
1,1,0,3,1,147,0,37
0,1,0,3,2,147,0,37
0,5,0,4,1,147,0,37
1,2,1,3,2,147,0,37
0,3,0,2,3,147,0,37
1,3,0,2,1,147,1,37
1,2,1,3,1,147,0,37
1,3,0,3,1,147,1,37
0,5,1,3,1,147,0,37
1,5,1,2,1,147,0,37
0,3,0,1,2,147,1,37
1,4,1,1,4,147,1,37
0,1,0,1,3,147,0,37
1,4,1,4,4,147,0,37
0,3,1,3,2,147,0,37
0,2,1,3,1,147,0,37
1,4,0,2,2,147,1,37
1,3,0,3,1,147,0,37
0,5,1,1,1,147,0,37
1,3,1,2,2,147,0,37
0,6,1,2,4,147,0,37
0,2,0,3,4,147,0,37
1,2,0,1,1,147,0,37
0,4,0,3,3,147,0,37
1,6,0,4,2,147,0,37
1,3,1,3,3,147,0,37
0,2,1,3,1,147,0,37
1,4,0,3,1,147,0,37
1,2,0,3,2,147,0,37
0,1,1,2,1,147,0,37
1,4,0,3,2,147,1,37
1,3,1,2,1,147,0,37
0,5,0,4,1,147,0,37
1,2,1,2,1,147,0,37
0,2,0,2,2,147,0,37
0,3,0,2,1,147,0,37
1,2,0,3,2,147,0,37
1,5,0,1,1,147,1,37
0,3,0,3,2,147,0,37
1,4,0,3,1,147,0,37
0,2,0,4,3,147,0,37
1,5,0,4,2,147,0,37
1,6,0,3,3,147,0,37
0,4,0,3,2,147,0,37
1,3,1,3,1,147,0,37
0,5,0,3,1,147,0,37
0,4,1,1,1,150,0,38
0,2,1,3,2,150,0,38
0,4,0,3,3,150,0,38
0,3,0,1,1,150,1,38
0,3,1,4,3,150,0,38
0,1,1,3,3,150,0,38
0,5,0,3,2,150,0,38
1,4,0,1,3,150,1,38
1,1,1,1,3,150,0,38
1,2,0,3,1,150,0,38
1,4,0,3,1,150,0,38
1,2,0,3,1,150,0,38
1,5,0,3,1,150,0,38
1,3,0,2,4,150,0,38
0,5,1,3,1,150,0,38
1,2,0,2,2,150,0,38
0,4,1,1,3,150,0,38
1,1,0,2,1,150,0,38
1,5,1,3,4,150,0,38
0,3,1,3,3,150,0,38
0,6,1,2,3,150,0,38
1,3,0,2,1,150,0,38
0,6,1,3,2,150,0,38
1,3,0,2,3,150,1,38
1,4,1,2,4,150,0,38
0,5,1,1,1,150,0,38
1,6,0,3,2,150,0,38
1,5,0,3,1,150,0,38
1,3,0,3,4,150,0,38
0,4,1,2,1,150,0,38
0,3,0,4,2,150,0,38
0,6,1,4,1,150,0,38
1,4,0,1,2,150,1,38
1,5,0,1,3,150,0,38
1,3,1,4,1,150,0,38
1,2,0,1,1,150,1,38
0,5,0,3,1,150,0,38
1,3,1,3,4,150,0,38
0,2,0,3,4,150,0,38
0,2,0,3,3,150,0,38
0,1,0,2,2,150,0,38
1,3,0,3,1,150,1,38
1,1,1,2,1,150,0,38
1,2,1,2,1,150,0,38
0,2,0,3,2,150,0,38
0,2,1,4,3,150,0,38
0,1,0,1,1,150,0,38
0,2,0,3,1,150,0,38
0,5,1,3,3,150,0,38
0,6,1,2,1,150,0,38
1,3,1,2,1,150,0,38
0,2,0,2,3,150,0,38
1,2,0,2,1,150,1,38
1,4,0,3,2,150,0,38
1,6,0,3,1,150,0,38
1,4,0,3,2,150,1,38
0,1,0,3,1,150,0,38
0,4,0,3,3,150,0,38
1,3,1,1,4,150,0,38
0,2,1,3,2,150,0,38
0,5,0,2,1,150,0,38
1,5,1,1,3,150,0,38
0,6,0,4,2,150,0,38
1,1,1,1,3,150,0,38
0,5,0,2,3,150,0,38
0,2,1,3,3,150,0,38
0,4,0,2,1,150,1,38
0,6,1,3,2,150,0,38
1,3,0,2,1,150,1,38
0,2,0,4,3,150,0,38
0,2,0,3,2,150,0,38
0,2,0,3,1,150,0,38
1,3,1,1,3,150,1,38
1,1,0,2,2,150,0,38
0,2,0,3,1,150,0,38
1,2,0,2,2,150,0,38
0,4,0,1,4,150,1,38
0,4,1,2,3,150,0,38
0,2,0,1,4,150,0,38
1,4,0,3,3,150,0,38
1,4,0,4,3,150,0,38
0,4,1,1,2,150,0,38
1,4,0,1,1,150,1,38
0,4,0,1,4,150,0,38
0,2,0,3,1,150,0,38
1,2,0,2,3,150,1,38
1,5,0,3,2,150,0,38
0,4,0,2,3,150,0,38
0,3,0,2,1,150,0,38
1,4,0,1,1,150,1,38
1,5,1,1,4,150,1,38
0,5,0,3,1,150,0,38
0,4,0,1,2,150,0,38
0,2,1,2,4,150,0,38
0,2,0,1,3,150,0,38
1,6,0,3,1,150,1,38
0,4,0,2,3,150,0,38
1,2,0,4,1,150,0,38
0,3,0,3,3,150,1,38
1,3,0,4,2,150,1,38
0,3,1,3,1,150,0,38
0,1,0,1,4,150,1,38
0,2,0,2,3,150,0,38
1,3,1,3,1,150,0,38
0,6,0,2,2,150,1,38
0,6,1,2,3,150,0,38
0,3,1,4,1,150,0,38
1,5,0,3,3,150,0,38
0,6,1,3,4,150,0,38
1,4,1,3,1,150,0,38
1,1,1,1,3,150,0,38
1,2,0,2,1,150,0,38
1,2,0,2,1,150,1,38
0,4,0,3,2,150,0,38
0,3,0,2,1,150,0,38
0,3,0,4,1,150,0,38
1,4,0,3,2,150,0,38
0,2,0,1,2,150,1,38
0,5,0,3,2,150,1,38
1,3,1,2,1,153,0,39
1,4,0,3,3,153,0,39
1,2,0,4,1,153,0,39
0,5,1,2,1,153,0,39
0,2,0,4,1,153,0,39
1,5,0,3,2,153,0,39
1,3,0,1,2,153,1,39
0,3,0,3,2,153,0,39
1,3,1,4,3,153,0,39
0,2,1,4,3,153,0,39
0,2,0,3,2,153,0,39
1,5,0,3,1,153,1,39
0,4,0,2,3,153,1,39
1,4,0,3,3,153,0,39
0,3,0,4,1,153,0,39
0,3,0,3,1,153,0,39
1,6,0,2,2,153,0,39
0,5,1,4,1,153,0,39
0,3,0,4,3,153,0,39
1,3,0,3,3,153,0,39
0,4,0,1,4,153,1,39
0,4,0,1,3,153,0,39
0,4,1,3,2,153,0,39
1,4,0,3,4,153,0,39
1,4,1,3,3,153,0,39
0,5,0,2,1,153,0,39
0,5,0,2,3,153,0,39
0,6,0,3,2,153,0,39
0,4,0,3,2,153,0,39
1,4,1,3,4,153,0,39
0,5,1,3,1,153,0,39
0,4,1,1,2,153,0,39
1,1,0,3,1,153,0,39
1,3,1,1,2,153,1,39
1,1,0,2,1,153,0,39
1,2,0,3,2,153,0,39
0,6,0,1,2,153,1,39
1,2,0,3,2,153,0,39
0,4,1,3,4,153,0,39
0,3,1,2,4,153,0,39
0,4,1,3,2,153,0,39
0,5,0,1,1,153,1,39
1,5,0,2,1,153,1,39
0,5,0,4,1,153,0,39
1,4,1,2,1,153,0,39
0,2,0,2,2,153,0,39
1,3,0,3,3,153,0,39
1,4,0,4,1,153,1,39
1,4,0,3,2,153,1,39
1,5,1,2,2,153,0,39
1,3,1,2,2,153,0,39
0,6,1,1,3,153,0,39
1,6,0,2,1,153,0,39
1,5,0,3,1,153,0,39
0,3,1,2,1,153,0,39
0,2,1,4,2,153,0,39
0,2,0,1,2,153,1,39
1,5,1,3,3,153,0,39
1,5,1,2,4,153,0,39
0,2,1,3,1,153,0,39
0,5,0,3,1,153,0,39
0,3,0,4,2,153,0,39
0,3,0,4,1,153,0,39
0,5,1,3,1,153,0,39
0,2,0,3,1,153,0,39
0,4,1,3,3,153,0,39
0,5,0,3,4,153,0,39
1,2,0,1,3,153,1,39
0,5,0,4,3,153,0,39
0,2,0,2,3,153,0,39
0,5,0,3,2,153,0,39
1,3,0,3,4,153,0,39
0,4,0,2,1,153,0,39
0,4,0,2,1,153,0,39
0,4,1,4,3,153,0,39
0,3,0,4,2,153,0,39
0,4,0,1,1,153,0,39
1,4,1,2,1,153,0,39
0,2,0,3,2,153,0,39
1,2,0,4,1,153,0,39
0,6,0,4,2,153,0,39
1,4,1,1,3,153,0,39
1,3,0,2,1,153,1,39
0,1,0,2,1,153,0,39
1,4,0,2,4,153,0,39
1,2,0,1,1,153,1,39
0,6,0,3,1,153,0,39
0,5,0,1,1,153,1,39
1,3,0,3,1,153,1,39
1,2,1,3,1,153,0,39
1,2,0,4,1,153,0,39
1,4,1,2,3,153,1,39
1,6,1,3,3,153,0,39
0,5,0,3,3,153,0,39
0,4,1,3,1,153,0,39
0,4,1,3,3,153,0,39
1,2,0,3,3,153,0,39
0,4,0,2,3,156,0,40
1,4,0,4,3,156,0,40
0,5,1,2,4,156,0,40
1,6,0,4,1,156,0,40
1,6,1,1,4,156,0,40
0,4,0,3,3,156,0,40
0,5,0,2,1,156,0,40
0,2,0,2,3,156,0,40
0,6,0,3,2,156,0,40
1,2,0,4,1,156,0,40
0,2,0,2,1,156,0,40
1,4,1,2,1,156,0,40
0,5,0,3,1,156,0,40
0,6,0,2,2,156,0,40
1,5,0,3,2,156,1,40
1,6,0,2,3,156,1,40
0,6,0,1,4,156,1,40
1,4,0,2,2,156,0,40
1,5,0,2,2,156,1,40
0,3,0,1,2,156,0,40
1,4,0,4,1,156,0,40
1,6,1,1,1,156,0,40
1,3,0,2,1,156,1,40
0,3,1,3,1,156,0,40
0,5,1,1,2,156,0,40
1,5,0,2,2,156,0,40
0,3,0,3,3,156,0,40
0,5,0,2,4,156,0,40
1,3,0,3,4,156,1,40
0,6,1,4,3,156,0,40
1,5,1,1,1,156,0,40
0,2,0,3,1,156,0,40
0,4,1,2,1,156,0,40
0,5,0,4,3,156,0,40
1,6,0,3,1,156,1,40
0,2,1,3,1,156,0,40
0,5,1,2,2,156,0,40
1,4,1,3,1,156,0,40
0,4,0,3,1,156,0,40
1,4,1,2,4,156,0,40
0,5,0,1,1,156,1,40
0,5,0,2,4,156,0,40
0,6,1,4,2,156,0,40
0,6,0,2,4,156,0,40
0,5,0,3,3,156,0,40
1,3,0,3,4,156,0,40
1,2,0,3,3,156,0,40
0,5,0,4,4,156,0,40
0,5,0,3,3,156,0,40
0,4,0,2,1,156,0,40
0,4,1,3,2,156,0,40
0,3,1,1,1,156,0,40
0,5,1,1,4,156,0,40
1,6,1,1,2,156,1,40
0,2,1,1,4,156,0,40
1,6,0,2,1,156,1,40
0,6,0,2,1,156,1,40
0,3,1,1,1,156,0,40
0,6,0,1,3,156,0,40
1,3,0,1,1,156,1,40
1,6,0,2,1,156,1,40
0,2,0,4,1,156,0,40
0,2,1,2,3,156,0,40
0,5,0,4,1,156,0,40
1,4,0,3,1,156,1,40
0,4,1,2,4,156,0,40
1,2,1,3,1,156,0,40
1,5,0,2,1,156,0,40
1,4,0,2,3,156,1,40
1,3,0,1,1,156,0,40
0,3,0,1,2,156,0,40
1,6,0,3,3,156,0,40
0,4,0,4,3,156,0,40
0,4,0,3,3,156,0,40
0,4,1,4,4,156,0,40
1,3,0,2,1,156,0,40
0,4,0,1,4,156,0,40
0,4,1,2,4,156,0,40
0,5,0,3,2,156,0,40
0,5,0,2,2,156,0,40
0,5,0,2,3,156,0,40
1,3,0,1,2,156,1,40
0,5,0,4,3,156,0,40
1,4,0,2,1,156,1,40
1,4,1,2,1,156,0,40
0,4,0,2,1,156,1,40
0,4,0,3,2,156,0,40
1,5,0,4,2,156,0,40
0,4,0,2,3,156,0,40
1,4,1,1,1,159,0,41
1,5,0,4,1,159,0,41
0,5,0,4,1,159,0,41
0,3,0,2,3,159,0,41
0,5,0,2,3,159,0,41
0,4,0,1,2,159,1,41
1,5,0,3,1,159,0,41
0,5,1,3,4,159,0,41
0,5,1,1,2,159,0,41
0,4,1,2,3,159,0,41
0,4,0,2,2,159,0,41
0,5,0,4,2,159,0,41
1,4,1,4,1,159,0,41
0,5,1,4,2,159,0,41
0,3,1,1,1,159,0,41
1,5,1,2,3,159,1,41
0,4,0,4,1,159,0,41
0,5,0,1,1,159,0,41
1,5,0,4,1,159,0,41
1,4,0,2,1,159,1,41
0,5,1,4,1,159,0,41
1,3,1,4,1,159,0,41
0,5,0,1,1,159,1,41
0,2,0,2,1,159,0,41
1,5,0,3,3,159,0,41
0,5,0,3,2,159,0,41
0,3,1,4,1,159,0,41
1,5,0,3,1,159,1,41
1,3,1,3,1,159,0,41
0,5,0,2,3,159,0,41
1,5,1,3,1,159,0,41
1,4,1,1,2,159,1,41
0,3,1,2,3,159,0,41
0,5,0,2,3,159,0,41
0,5,1,3,1,159,0,41
0,5,0,2,2,159,0,41
0,5,1,2,3,159,0,41
0,5,1,1,3,159,0,41
0,5,1,2,1,159,0,41
0,5,0,3,4,159,0,41
0,4,0,2,1,159,0,41
0,4,0,2,4,159,1,41
0,5,0,2,2,159,0,41
0,4,1,1,1,159,0,41
0,4,0,1,1,159,1,41
0,4,0,3,1,159,0,41
0,4,0,3,1,159,0,41
1,6,0,1,1,159,1,41
0,4,1,2,2,159,0,41
0,2,1,1,1,159,1,41
0,4,0,4,1,159,0,41
1,3,0,3,1,159,0,41
0,5,0,3,1,159,0,41
0,4,1,2,1,159,0,41
1,4,0,3,1,159,0,41
0,5,0,3,1,159,0,41
0,2,0,1,2,159,0,41
1,3,0,2,1,159,1,41
1,4,0,2,1,159,1,41
0,3,1,4,1,159,0,41
0,6,1,3,1,159,0,41
0,4,1,2,4,159,0,41
0,5,1,2,1,159,0,41
0,4,1,4,1,159,0,41
0,4,0,2,3,159,1,41
1,5,0,4,1,159,0,41
0,5,0,3,3,162,0,42
0,6,0,4,4,162,0,42
0,4,0,4,1,162,0,42
1,6,0,3,2,162,1,42
1,6,0,2,1,162,1,42
0,4,1,1,2,162,0,42
0,5,0,4,2,162,0,42
0,6,0,3,1,162,0,42
0,4,0,2,3,162,0,42
1,5,1,2,1,162,0,42
1,4,0,3,2,162,1,42
0,6,1,2,2,162,0,42
0,5,0,2,2,162,1,42
1,5,1,3,3,162,0,42
0,4,0,1,1,162,0,42
0,4,0,3,1,162,0,42
1,5,0,2,1,162,0,42
0,5,1,3,1,162,0,42
1,5,0,4,1,162,0,42
0,6,1,3,1,162,0,42
1,5,0,1,1,162,1,42
1,6,0,3,3,162,0,42
1,4,1,2,1,162,0,42
1,5,0,1,1,162,1,42
0,4,0,2,1,162,0,42
0,6,1,4,1,162,0,42
1,4,0,1,1,162,1,42
0,5,0,3,3,162,0,42
0,5,1,3,4,162,0,42
0,5,1,4,1,162,0,42
0,5,1,2,1,162,0,42
1,3,0,3,1,162,1,42
1,4,1,2,4,162,0,42
1,5,0,1,1,165,1,43
0,5,1,1,1,165,0,43
0,6,1,3,2,165,0,43
1,6,1,1,2,165,0,43
0,5,0,1,2,165,1,43
1,5,1,1,1,165,0,43
0,6,1,2,4,165,0,43
1,5,0,3,4,165,0,43
1,6,1,3,1,165,0,43
0,5,1,3,1,165,0,43
1,5,1,2,3,165,0,43
0,5,0,1,3,165,0,43
0,6,0,3,2,165,0,43
1,6,1,1,1,168,0,44
1,5,1,3,1,168,0,44
