Y,A,L,W,S
0.0,1.0,0,-2.422023303877959,1
1.0,1.0,0,-0.37571248269673513,1
1.0,0.0,0,-0.030659895166848875,1
1.0,0.0,1,-2.017894347043906,1
1.0,1.0,0,-0.37892371361803906,1
1.0,0.0,1,0.605601880300801,1
0.0,1.0,0,-0.9379641435216226,1
0.0,0.0,1,-1.4932737142343941,1
0.0,0.0,0,0.1704319652407828,1
0.0,0.0,0,1.0189344658484014,1
0.0,1.0,0,-1.5859232254089048,1
0.0,0.0,0,-0.6345589925263125,1
1.0,1.0,0,-1.4417666759546375,1
1.0,1.0,0,2.0644396860931633,1
1.0,0.0,1,1.7322106783336728,1
0.0,0.0,0,2.187225606921046,1
0.0,0.0,1,-0.9624924634528955,1
0.0,1.0,0,-2.313187697403325,1
0.0,1.0,0,1.9551768692303562,1
1.0,0.0,0,2.3847421234418307,1
0.0,1.0,0,-1.2397287313683414,1
0.0,0.0,1,-1.0203860307088402,1
1.0,0.0,1,0.7685464635741311,1
1.0,0.0,1,-2.2582589786325773,1
1.0,0.0,0,1.2660495177179412,1
1.0,1.0,0,0.6465324877829116,1
1.0,0.0,0,0.27231620342163904,1
0.0,1.0,0,-0.21737623144101045,1
1.0,1.0,0,-2.0217671287640924,1
0.0,0.0,0,-1.4568021552889434,1
0.0,0.0,0,1.4667325930820903,1
0.0,0.0,0,-2.7640972046728485,1
1.0,1.0,0,0.611495737020196,1
0.0,1.0,0,1.6161819987605825,1
0.0,1.0,0,-0.5862138028797643,1
0.0,1.0,0,-3.2859201375089264,1
0.0,0.0,0,-1.0464317579905742,1
0.0,0.0,0,-1.4799786086414883,1
0.0,1.0,0,-1.6997272887815051,1
0.0,1.0,0,1.572785225323608,1
0.0,0.0,1,-2.7167029002746963,1
0.0,1.0,0,0.2167981903722285,1
0.0,0.0,0,2.055523840681985,1
0.0,0.0,0,1.5642726298793401,1
0.0,0.0,1,1.0845870924613772,1
0.0,1.0,0,-1.955160575271007,1
0.0,1.0,0,-2.0385310455518293,1
0.0,0.0,1,-2.1397773291473396,1
0.0,0.0,0,2.196538295294209,1
1.0,0.0,1,0.3453237448839655,1
0.0,0.0,0,-2.3763358969085453,1
0.0,0.0,0,-1.5968026353343985,1
0.0,0.0,0,-0.13760662903553192,1
0.0,1.0,1,1.7680687153969907,1
1.0,0.0,1,1.2344608372279742,1
0.0,0.0,1,2.222434002406654,1
1.0,1.0,0,-0.3383035211082912,1
0.0,1.0,0,-1.9429341205498813,1
0.0,0.0,0,-0.959113375809579,1
1.0,0.0,1,1.2457555237270745,1
0.0,0.0,1,-0.8488837230180216,1
1.0,1.0,0,1.1164204293417779,1
0.0,0.0,0,1.9417460140288507,1
0.0,0.0,0,-0.26999487446042647,1
1.0,1.0,0,-0.30566679187082496,1
0.0,1.0,0,-1.496451563534473,1
1.0,1.0,0,-2.646747020025237,1
0.0,1.0,0,-1.252072814149305,1
0.0,0.0,0,0.8294137093668761,1
1.0,0.0,0,1.1559268059751615,1
0.0,1.0,1,1.15932000578488,1
0.0,1.0,0,2.6075015996422333,1
0.0,0.0,1,1.8013388700853186,1
1.0,1.0,0,2.1244664016764667,1
0.0,1.0,0,-0.2730839446872211,1
1.0,0.0,1,-2.1780118730469384,1
1.0,0.0,1,-1.3256272451888667,1
0.0,0.0,0,2.157851143913436,1
0.0,1.0,0,-0.5288465176165305,1
0.0,0.0,1,-1.8453980516573565,1
0.0,0.0,1,1.5065978521029495,1
1.0,0.0,1,2.3453120817549693,1
1.0,0.0,1,-0.5896271061483768,1
1.0,0.0,0,-1.2130846873329912,1
1.0,1.0,0,2.140753107001824,1
1.0,0.0,0,1.4984094064121847,1
1.0,1.0,0,1.534726328669624,1
1.0,1.0,0,0.3253188267122165,1
1.0,0.0,1,1.8534227326956358,1
0.0,1.0,0,1.079192188727431,1
0.0,0.0,0,0.19485071993097342,1
1.0,0.0,1,1.4165162590057283,1
0.0,1.0,0,1.1891272634297576,1
1.0,1.0,0,1.1492297421975748,1
0.0,0.0,0,-2.3008533575764023,1
0.0,0.0,1,-0.2190642461720874,1
1.0,1.0,0,1.7571942347443887,1
0.0,1.0,0,-0.45924943887736586,1
0.0,1.0,1,-2.5524964954443488,1
0.0,0.0,0,-0.7558933300938457,1
0.0,0.0,0,1.8834270154466617,1
1.0,1.0,0,2.9719246715543575,1
1.0,0.0,0,1.0028631663569323,1
1.0,1.0,0,1.3883482270051566,1
0.0,1.0,0,2.2131395122380164,1
0.0,0.0,0,0.7796857953112155,1
0.0,1.0,0,2.2932520846410354,1
0.0,1.0,0,0.8746607332997299,1
0.0,1.0,0,0.8893278726042786,1
0.0,0.0,1,0.30227518400712455,1
1.0,1.0,0,-3.044747074663675,1
1.0,1.0,0,-1.188763619551625,1
0.0,1.0,0,-1.9610549342367174,1
0.0,1.0,0,1.592364204758397,1
0.0,0.0,0,-0.690561273943263,1
0.0,0.0,0,1.562540306783105,1
1.0,1.0,0,-0.7420243313649697,1
1.0,0.0,1,-3.107081613403909,1
1.0,0.0,0,-0.7982923304342814,1
0.0,0.0,0,-1.528035604734383,1
0.0,1.0,0,0.6995236484586226,1
0.0,1.0,0,0.17949929378507723,1
0.0,0.0,1,-1.2297553875850158,1
0.0,1.0,0,-1.9783164565456706,1
0.0,0.0,0,1.8158974756731363,1
1.0,0.0,0,0.32631020235098834,1
0.0,0.0,0,-2.006305093443723,1
0.0,0.0,0,0.7403128546371843,1
0.0,0.0,0,-1.630012379756721,1
0.0,1.0,0,-0.6738002248517673,1
1.0,0.0,0,0.44364221903804424,1
0.0,1.0,0,-1.1460084146567646,1
1.0,0.0,1,1.7128460008408415,1
1.0,0.0,0,-1.1344243709479607,1
0.0,1.0,0,0.29719946505955835,1
0.0,1.0,0,-1.5486592557692371,1
0.0,1.0,0,-0.26276322351103554,1
0.0,1.0,0,-1.1067235166964595,1
0.0,0.0,0,-0.8160929783576879,1
0.0,0.0,0,2.8727849940564947,1
1.0,1.0,0,0.4299397154861814,1
0.0,0.0,0,-1.4434625606235183,1
0.0,1.0,0,1.064860863483372,1
0.0,1.0,0,0.6688686599973813,1
0.0,1.0,0,-2.1903668595605095,1
0.0,1.0,0,0.7808860388453516,1
1.0,0.0,1,1.854687881139713,1
0.0,1.0,0,0.9443608879371002,1
0.0,0.0,0,1.1862060724002927,1
0.0,1.0,0,1.2611969283227082,1
0.0,1.0,0,0.0826679836290436,1
0.0,0.0,0,2.1656156112600353,1
0.0,1.0,0,1.6063448071226132,1
0.0,1.0,0,-2.855628258917598,1
1.0,1.0,0,-0.4185789515865168,1
0.0,1.0,0,-1.5690640871434065,1
1.0,0.0,1,-1.546166080874289,1
0.0,0.0,0,-2.805867366553291,1
0.0,1.0,0,3.1021252523236496,1
0.0,0.0,0,0.7416357612265453,1
0.0,1.0,0,1.2615052529026738,1
1.0,1.0,0,-0.9147205929422687,1
0.0,0.0,0,0.44804546480932905,1
0.0,1.0,0,-0.4647444722390335,1
1.0,0.0,1,1.222438680680389,1
0.0,0.0,0,-0.40284845243816514,1
1.0,0.0,0,0.7767072477355246,1
0.0,0.0,0,0.7235989449936605,1
0.0,0.0,0,-1.5960585117520365,1
1.0,0.0,1,1.3517164191211575,1
1.0,1.0,0,-0.9619728989749433,1
0.0,1.0,0,0.6123666575576693,1
0.0,0.0,0,-1.4960360288220864,1
0.0,0.0,0,1.8258444939109597,1
0.0,0.0,0,-2.449382396389252,1
1.0,0.0,0,0.4633936581980315,1
0.0,0.0,0,1.228097473534732,1
0.0,1.0,0,2.426762468648937,1
1.0,0.0,1,0.9886461862800385,1
1.0,1.0,0,2.0871912773810397,1
1.0,1.0,0,1.6839906078690217,1
0.0,1.0,0,-0.47838277956038877,1
1.0,0.0,1,-0.25393447009136116,1
1.0,1.0,0,0.6450577612770163,1
0.0,1.0,0,-0.3090634577005616,1
1.0,0.0,0,-0.7383696701572061,1
0.0,0.0,0,-1.5554177184699463,1
1.0,1.0,0,-0.5062612634733861,1
1.0,1.0,0,2.027116263645185,1
1.0,0.0,0,1.2419205736919317,1
0.0,0.0,0,0.2715846084704,1
1.0,0.0,1,-0.7139707361854032,1
1.0,1.0,0,1.8047300788639398,1
1.0,1.0,0,2.0754859808174637,1
0.0,1.0,0,-0.17932292576464362,1
0.0,0.0,1,-2.066647392874078,1
0.0,0.0,0,1.6364730575512039,1
0.0,1.0,0,1.6508983342718928,1
1.0,1.0,0,1.1835277101811823,1
0.0,1.0,0,-0.8026306731085587,1
1.0,1.0,0,-1.2884595322146875,1
0.0,0.0,0,1.5737677605163591,1
0.0,0.0,0,-1.1550995348172906,1
0.0,1.0,0,1.3543360863387588,1
1.0,0.0,1,0.46140360863396734,1
0.0,0.0,0,-1.8892627590166506,1
1.0,1.0,0,0.25404825120589025,1
0.0,0.0,0,-0.601298918496109,1
0.0,1.0,0,1.879066795822416,1
1.0,0.0,0,0.6426978368012053,1
0.0,0.0,0,1.7624925796738167,1
0.0,1.0,0,-1.1045319639745272,1
1.0,0.0,0,1.4889327941912909,1
0.0,0.0,0,-2.0212885009559525,1
0.0,1.0,0,1.1277725710635298,1
0.0,1.0,0,-1.8271970759140685,1
0.0,0.0,0,-0.4528037953616302,1
1.0,0.0,1,-0.2750739718690626,1
0.0,1.0,0,-1.6013697592570308,1
0.0,0.0,1,2.0151410872802913,1
0.0,1.0,0,0.706230508653398,1
0.0,1.0,0,-0.39239633381708094,1
1.0,1.0,0,1.5952048096232947,1
0.0,0.0,0,-0.0007154513848853631,1
0.0,1.0,1,0.7174682030846601,1
1.0,1.0,0,-1.581743726038114,1
0.0,1.0,1,-1.3629800126640088,1
1.0,0.0,0,1.0931993527938606,1
0.0,1.0,0,2.6106298415288696,1
0.0,0.0,0,1.862464101276386,1
0.0,0.0,0,-1.9902597129570536,1
0.0,0.0,1,-1.0834763064293629,1
0.0,0.0,1,1.457847914009156,1
1.0,1.0,0,-0.6588796812583387,1
1.0,1.0,0,-0.0035049138181752074,1
0.0,1.0,0,-2.3079459925597443,1
0.0,1.0,0,-0.9898322771186469,1
0.0,0.0,1,1.810416478388875,1
1.0,0.0,0,0.3144617477851878,1
1.0,0.0,0,1.5124192525318334,1
0.0,1.0,0,1.3086183908221305,1
0.0,0.0,0,-0.22594177435523408,1
1.0,1.0,0,-0.6089626476863029,1
0.0,0.0,0,0.2639095369045534,1
0.0,1.0,0,-1.1299208281613384,1
1.0,1.0,0,1.8869125032325385,1
0.0,0.0,0,-1.3143520758398994,1
0.0,1.0,0,0.6381946552144779,1
0.0,0.0,0,1.1043178423512503,1
0.0,0.0,0,1.8133587463408491,1
1.0,1.0,0,1.2151968066220256,1
0.0,0.0,0,1.2187883821472585,1
1.0,0.0,0,0.7968130193210345,1
0.0,1.0,0,1.8945392897056046,1
0.0,0.0,0,0.5152239811901563,1
0.0,1.0,0,0.38904907434762315,1
1.0,1.0,0,0.33925563964707395,1
1.0,0.0,0,-1.2965358158071756,1
0.0,0.0,0,-1.3582142445324272,1
0.0,1.0,0,0.9149204255222282,1
1.0,1.0,0,-2.4607114803499663,1
0.0,1.0,0,0.8239925483638018,1
1.0,1.0,0,1.5752585296350088,1
0.0,0.0,1,-1.6612178461032014,1
0.0,1.0,0,-1.5108357449653784,1
0.0,0.0,0,0.4537875702009398,1
0.0,1.0,0,0.42968059434665123,1
1.0,1.0,1,-0.7556874835079253,1
0.0,1.0,0,-1.797380343695544,1
0.0,0.0,0,1.6762104165124418,1
1.0,1.0,0,2.1049884269983976,1
0.0,0.0,0,0.4158476655443478,1
1.0,1.0,0,1.782983927094427,1
0.0,1.0,0,0.1705880052676523,1
0.0,0.0,0,-1.1270213359730612,1
1.0,0.0,0,1.2646953932181568,1
0.0,0.0,0,1.0580633861749835,1
0.0,0.0,0,0.5826322058677955,1
1.0,1.0,0,-1.2828838466146109,1
1.0,1.0,0,1.1385237528560874,1
1.0,0.0,0,0.36446992005234946,1
1.0,1.0,0,-0.6829472009823325,1
0.0,0.0,0,-0.2912325321555089,1
0.0,1.0,0,-1.135394536807979,1
0.0,0.0,0,1.703104497387891,1
1.0,1.0,0,0.25960777079188596,1
1.0,0.0,1,0.057232721890932765,1
0.0,0.0,0,0.3675233940010183,1
1.0,0.0,1,0.8280443612578811,1
1.0,1.0,0,-2.445866380395357,1
1.0,0.0,0,3.065440896946215,1
0.0,0.0,0,0.29587366842208657,1
1.0,1.0,0,1.7685720078333307,1
0.0,0.0,0,-1.4807514051393662,1
0.0,0.0,1,0.8542783924105879,1
0.0,0.0,0,-0.7176001370937831,1
0.0,1.0,0,0.7971871903667433,1
0.0,0.0,0,1.3246780566447045,1
1.0,0.0,1,1.0272314559605122,1
0.0,1.0,0,-1.7045405451059124,1
0.0,0.0,0,1.3546815206549678,1
0.0,0.0,0,0.26480416666006695,1
0.0,1.0,0,-2.5168015016210004,1
0.0,0.0,1,-0.8726387430493391,1
0.0,0.0,0,-0.13016168479778614,1
0.0,0.0,0,0.1997161614773535,1
1.0,0.0,1,0.7517459049369964,1
0.0,0.0,0,-0.489347319973629,1
0.0,0.0,0,-0.09916830636559949,1
1.0,0.0,1,-0.5290075705854109,1
0.0,1.0,0,-0.10008866305353356,1
1.0,0.0,0,-0.24968051316609388,1
0.0,0.0,1,1.2904803905740232,1
0.0,0.0,0,-2.3804106245681296,1
0.0,0.0,0,-1.0379861316180616,1
0.0,0.0,0,-2.256954833429161,1
1.0,1.0,0,-0.12359209160397791,1
0.0,1.0,0,-0.1131871610326834,1
0.0,1.0,0,0.7495358857743403,1
0.0,0.0,0,-1.1467892219992444,1
0.0,1.0,0,-0.4992454249141401,1
0.0,1.0,1,-0.3845713983372363,1
1.0,1.0,0,0.23184076394276285,1
0.0,0.0,0,-1.6191086146191078,1
0.0,0.0,0,0.7108593578783396,1
0.0,0.0,0,-2.9688045171341333,1
0.0,0.0,0,-0.939594971199922,1
0.0,0.0,0,0.8511984606968913,1
1.0,1.0,0,0.225594271806021,1
0.0,1.0,0,2.3744073520824127,1
0.0,0.0,0,-2.0367393795395925,1
0.0,0.0,0,1.4861638259397576,1
1.0,1.0,0,-0.2900156711397872,1
0.0,1.0,0,0.7855601204146756,1
0.0,0.0,0,1.2275839725155946,1
0.0,0.0,0,2.0787367830027703,1
0.0,0.0,0,-0.34080280741629043,1
0.0,1.0,0,-0.6275013982588098,1
0.0,0.0,0,2.831049770213492,1
0.0,0.0,0,1.9446260250782565,1
0.0,0.0,0,1.9799234307155895,1
0.0,0.0,0,1.390285118215922,1
0.0,0.0,0,-0.8933953107072691,1
0.0,1.0,0,-2.811632874419175,1
0.0,1.0,0,-0.7093999415350652,1
0.0,1.0,0,1.9157545773822755,1
0.0,1.0,0,-0.15855980980972859,1
0.0,0.0,1,-1.9953413897200085,1
0.0,0.0,0,-2.3287723280562305,1
0.0,0.0,0,-0.5236652549628175,1
1.0,1.0,0,-2.3187827815498174,1
1.0,1.0,0,-0.10301267151376464,1
1.0,0.0,0,1.8404919679977376,1
0.0,0.0,0,-0.039049442129489055,1
0.0,0.0,0,0.5417877028299545,1
0.0,0.0,0,-0.6814890392902575,1
0.0,1.0,0,0.7715206009851964,1
0.0,0.0,0,0.7952054245949928,1
0.0,1.0,0,-1.9807207433371667,1
0.0,1.0,0,-0.29074547359084124,1
0.0,1.0,0,1.5490263214403386,1
1.0,1.0,0,-1.3751955890804881,1
1.0,1.0,0,0.10286752374295034,1
0.0,1.0,0,-1.2874458931978474,1
0.0,0.0,0,1.9151373710196598,1
0.0,1.0,0,0.20118112337830193,1
0.0,0.0,0,1.2054986387316702,1
1.0,0.0,1,1.7931479607743306,1
1.0,1.0,0,2.018525090953182,1
0.0,0.0,1,0.4979544578740875,1
0.0,1.0,0,-0.9144169755756985,1
0.0,1.0,0,0.09196009694586688,1
0.0,1.0,0,1.307145521432067,1
0.0,0.0,1,-1.9223269794635602,1
0.0,0.0,0,0.6015652516260167,1
1.0,0.0,1,2.0107624252113716,1
0.0,0.0,0,2.0842482737729595,1
0.0,1.0,0,-1.4148038578827777,1
0.0,1.0,0,-0.38054333448171634,1
0.0,0.0,0,1.7081049155022492,1
0.0,1.0,0,1.7393969117974437,1
1.0,0.0,1,-2.3627616724606932,1
0.0,1.0,0,-2.1798282615540336,1
0.0,0.0,1,-2.386912392969136,1
0.0,1.0,0,1.5894649298007182,1
1.0,0.0,0,0.7625782666026927,1
0.0,0.0,1,-1.865840841608614,1
1.0,1.0,1,-1.091434531872271,1
0.0,1.0,0,-1.0389036621999606,1
0.0,1.0,0,2.1488852537890817,1
0.0,0.0,0,-1.6852442398235001,1
0.0,1.0,0,-1.179055131346564,1
0.0,0.0,1,-0.06328065822678397,1
0.0,0.0,0,1.6652018357449907,1
0.0,1.0,0,-1.518832195355432,1
0.0,1.0,0,-2.3317504304479284,1
0.0,0.0,0,1.7455873923013827,1
0.0,1.0,0,-2.298354883395967,1
0.0,0.0,0,0.6935923817013795,1
0.0,0.0,0,0.5545520119650214,1
0.0,1.0,0,-2.25746408936294,1
0.0,0.0,0,1.9392693820161937,1
0.0,0.0,0,-0.2739953466335146,1
0.0,0.0,0,1.3542117463166659,1
1.0,1.0,0,3.16158768640415,1
0.0,1.0,0,0.9316444885330529,1
0.0,0.0,0,1.2810722630720426,1
0.0,1.0,0,1.764025733784829,1
0.0,1.0,0,-2.876595172655946,1
0.0,0.0,0,1.1710178184900517,1
0.0,1.0,0,1.8358082292182987,1
1.0,0.0,0,1.6931409985638952,1
0.0,1.0,0,0.33894755971824364,1
1.0,0.0,1,-0.5090355439673435,1
0.0,1.0,0,0.23362325845378693,1
1.0,1.0,0,-1.9211249481753225,1
0.0,1.0,0,1.6253172905474846,1
1.0,1.0,0,1.3680534310507533,1
1.0,1.0,0,2.68822374668309,1
1.0,1.0,0,1.6773670853869809,1
1.0,0.0,0,1.6237444629377171,1
0.0,0.0,0,-0.650655345089955,1
1.0,1.0,0,-1.553094646890733,1
0.0,1.0,0,0.6591672458690907,1
0.0,0.0,1,-1.2971086436472739,1
0.0,0.0,0,0.2914493309756803,1
1.0,0.0,0,-1.2675927889052758,1
0.0,1.0,0,-0.7457164693899321,1
0.0,0.0,1,1.3298253828250612,1
0.0,0.0,0,1.0988824996531874,1
0.0,0.0,0,-0.07253473606870814,1
0.0,0.0,0,0.699370843788228,1
0.0,1.0,0,-1.9716831459529929,1
0.0,0.0,0,0.14434875339501624,1
0.0,1.0,0,0.2878892383862918,1
0.0,0.0,0,1.327244695131364,1
0.0,0.0,0,1.4928476703846005,1
0.0,1.0,0,-1.8933197187049295,1
0.0,0.0,0,0.24430780013492243,1
0.0,1.0,0,-1.9727262618727492,1
0.0,0.0,0,-2.7599155204814627,1
0.0,1.0,0,-0.9077970312247334,1
0.0,1.0,0,-0.17822304602299419,1
0.0,0.0,0,2.1230370506355087,1
1.0,0.0,0,0.9961350575319756,1
1.0,0.0,1,-0.09928795768148313,1
1.0,0.0,1,1.8686887177060063,1
1.0,1.0,0,-1.1663392094313603,1
1.0,1.0,0,0.48999817991395533,1
0.0,1.0,0,-0.433106308020981,1
0.0,1.0,0,2.6566031580639944,1
1.0,1.0,1,-0.6740820243769099,1
1.0,0.0,1,-1.8133613633337862,1
0.0,0.0,0,-2.0553164943327626,1
0.0,1.0,0,0.42899463471844185,1
0.0,0.0,0,1.5604132557304626,1
0.0,0.0,1,1.8883113083713905,1
0.0,0.0,1,1.9164783954859785,1
0.0,1.0,0,-0.027067058080773712,1
0.0,1.0,0,-1.4503518661135908,1
1.0,1.0,0,0.13196500451521245,1
0.0,1.0,0,-2.1909169146803653,1
0.0,1.0,0,0.1655532572628883,1
1.0,0.0,0,0.5540516673173382,1
0.0,0.0,1,0.09886467601704595,1
1.0,1.0,0,1.7978493498979984,1
1.0,0.0,1,-1.3700745338389284,1
1.0,0.0,1,-2.842778546827804,1
0.0,1.0,0,1.9113927976990428,1
0.0,0.0,0,-0.37351769283872976,1
0.0,1.0,0,-0.9816656137898083,1
0.0,0.0,0,-1.487614022821426,1
0.0,0.0,1,1.0920307459202931,1
0.0,1.0,0,-1.3565279052564347,1
0.0,0.0,0,1.9324809090438055,1
1.0,1.0,0,-0.1004710990447781,1
0.0,0.0,0,0.44249808707983895,1
1.0,1.0,0,1.25500751609663,1
0.0,1.0,0,-1.299279779372121,1
0.0,0.0,1,-0.5801489214722672,1
1.0,0.0,1,-0.554244793573223,1
0.0,0.0,0,0.20987561883188963,1
0.0,0.0,0,0.18071058254789743,1
1.0,0.0,1,-0.6929596864665033,1
0.0,1.0,0,-1.2375601742744102,1
0.0,0.0,1,0.9240980454394248,1
,,1,-0.8586116744513161,0
,,1,0.9967257718118538,0
,,0,-0.0674037944161778,0
,,0,0.5642242966720256,0
,,0,-1.5683927098981536,0
,,0,-0.22220293710420577,0
,,1,-0.7245401223988069,0
,,1,-0.21068876396141328,0
,,1,0.17881798902194265,0
,,0,0.6450242862945265,0
,,0,-1.5641609736816255,0
,,0,0.1582783200950948,0
,,1,-1.023448799789283,0
,,1,-0.9691911431582027,0
,,1,0.6015251618227025,0
,,0,-0.23285242021541303,0
,,0,-0.21251108086738044,0
,,0,0.4388941121353669,0
,,0,-1.2055400759779495,0
,,0,0.5350454665010766,0
,,1,-0.7085168706229935,0
,,0,-0.7660734522987416,0
,,0,-0.9023024191813955,0
,,1,-1.5284636630244475,0
,,1,0.1986792765842415,0
,,0,0.6472379632623712,0
,,0,-0.4593362540477591,0
,,0,-0.6402635229922901,0
,,0,0.472590920163404,0
,,1,0.5320539891538837,0
,,1,-0.3719393866021725,0
,,0,-0.6704225621530953,0
,,1,1.1306915395980897,0
,,0,-0.2817418384597793,0
,,0,0.5549516364167413,0
,,1,-1.9599329874236358,0
,,0,-0.1579206951343385,0
,,0,0.6385566427552845,0
,,0,-1.7102392290114916,0
,,1,-0.4503464189843634,0
,,1,-2.3036189586756946,0
,,1,1.1431597982875468,0
,,1,-0.2928511145911255,0
,,1,0.9873625550887892,0
,,1,1.3547622655491474,0
,,1,0.6112475151501926,0
,,1,0.6198435119315658,0
,,0,-0.05289044958008963,0
,,1,0.7225026154081273,0
,,0,1.5771535441510525,0
,,1,0.09540296035431405,0
,,1,-1.1609261181666284,0
,,0,-0.3945567006256212,0
,,0,0.3529501776097516,0
,,1,1.492330525827378,0
,,0,-0.7729841006143617,0
,,0,-0.31343382157392125,0
,,1,0.2209742116956639,0
,,1,-0.6250959839258071,0
,,1,1.3060143446455692,0
,,0,-1.0946225853247635,0
,,1,-0.2101462646349648,0
,,1,-0.003026978858268451,0
,,0,-0.036988942083460395,0
,,0,-0.1447469906122833,0
,,0,-1.3941667921150989,0
,,0,0.5309201058984163,0
,,1,0.8579558355660287,0
,,0,-1.3734304510122306,0
,,0,-0.8387916265389159,0
,,0,-0.6099624943443038,0
,,1,-0.8336759412942185,0
,,1,1.0721123378490605,0
,,1,-0.3059715278868916,0
,,1,-1.0144240094448074,0
,,0,0.102934418014515,0
,,1,-0.3017897551587338,0
,,0,-0.0028260137170896035,0
,,0,-0.9592483332373711,0
,,0,0.8788670466471807,0
,,0,-0.34261603446995814,0
,,0,-0.9208034546341237,0
,,1,-0.575544745097542,0
,,0,-1.1340183870815488,0
,,1,-0.41662496740430194,0
,,0,-0.5993437356129072,0
,,1,-0.2519515680571537,0
,,0,-0.28161396931752747,0
,,0,-0.39797125533277866,0
,,1,1.328307225634895,0
,,1,-0.7841744178892682,0
,,1,0.9794200623188922,0
,,0,0.9951525783017701,0
,,0,0.09742376298045868,0
,,0,0.24135813492755215,0
,,1,-0.2866257228432015,0
,,0,0.0428853768623334,0
,,0,-0.40344947441936196,0
,,0,0.8312840959310172,0
,,0,-1.5476567395495728,0
,,1,1.8374139729417809,0
,,0,-0.14111991190855772,0
,,0,-0.39917897069808894,0
,,0,0.45677094871559515,0
,,0,-0.4687201491121494,0
,,1,0.03204055971883472,0
,,0,1.061294945282366,0
,,0,1.0275850710679635,0
,,0,-1.0695524218356562,0
,,0,-0.1771370530324333,0
,,0,-0.5125950433519851,0
,,0,0.4464083156152075,0
,,0,0.9907827006405443,0
,,0,0.8517449385294716,0
,,0,-0.8165795959186543,0
,,0,0.6676594605877677,0
,,1,-0.5721703529872301,0
,,0,0.2773598185742425,0
,,0,-0.6564416297262422,0
,,0,-0.23358595773736934,0
,,0,0.5123527864055633,0
,,0,0.4585069266022902,0
,,0,-0.15744242122022864,0
,,1,0.3623777625188275,0
,,0,-0.3523074102722126,0
,,0,0.5344549582402985,0
,,0,0.37459686876205334,0
,,0,0.9811724407074183,0
,,0,-0.3552098721331035,0
,,0,0.22685120795063934,0
,,1,1.5387196039464177,0
,,0,-1.2585498271344682,0
,,1,-1.0721748380721638,0
,,1,0.41817977681945256,0
,,0,1.5731541611175768,0
,,0,-0.3234317320800417,0
,,0,0.8043202767433969,0
,,0,1.2252599147822445,0
,,0,0.4097571566390031,0
,,0,0.6561417375369216,0
,,1,1.6814321560400145,0
,,0,0.6278149349754135,0
,,0,0.2884003570250046,0
,,0,0.28081332411619403,0
,,0,-0.8136620742346817,0
,,1,-0.3386345365145979,0
,,0,0.8433942295323527,0
,,1,-0.990155503969222,0
,,1,0.2064681941512016,0
,,0,0.6086750214749144,0
,,0,-1.4182503105797644,0
,,0,1.0661668878921653,0
,,1,0.601623844526569,0
,,0,0.22011330685374517,0
,,1,-0.8371320070591909,0
,,1,0.2981293823304728,0
,,1,1.7205092253114311,0
,,0,-0.6402032409632645,0
,,0,-0.04121903312095779,0
,,0,0.44954156978087456,0
,,0,-1.0445299253713551,0
,,0,0.9792357868048968,0
,,1,-0.9306111026237581,0
,,0,0.42663742368367297,0
,,1,1.0765675090363351,0
,,1,-0.23297123142989673,0
,,0,-0.423906108767951,0
,,0,-0.44771626739244486,0
,,1,-1.0476139771435542,0
,,1,0.06484769777331957,0
,,1,-1.0782609625136554,0
,,0,-0.3911862808911599,0
,,1,0.47941572619885664,0
,,1,-0.643651799012908,0
,,0,-0.141113259496008,0
,,0,0.539486114091794,0
,,0,-0.9011223523742238,0
,,1,-0.7698131319461459,0
,,0,-1.75635194421721,0
,,0,-0.48350719928024427,0
,,0,0.15561780737504638,0
,,1,-0.24113039840177444,0
,,1,-0.21547641627674038,0
,,1,-1.9404961662434166,0
,,1,-1.3098179939280357,0
,,1,0.2963858416003472,0
,,0,1.209083533364455,0
,,1,-0.19173978046692253,0
,,0,0.11347890067968953,0
,,0,1.159600767332632,0
,,0,0.7296541342321591,0
,,0,-0.3823005887463452,0
,,0,0.7861674608891758,0
,,0,1.852295256665781,0
,,0,-1.2444679943233576,0
,,0,1.2508353447672,0
,,0,0.28205296560678017,0
,,1,-0.6361125852436134,0
,,0,-1.0970146048350096,0
,,0,-0.9606702167084623,0
,,0,-0.7203701834741152,0
,,1,0.8825803649574755,0
,,0,0.3143529455378103,0
,,1,-1.9265037813680774,0
,,0,-1.4080613304480925,0
,,0,0.00640813573251965,0
,,1,0.4878910677962616,0
,,0,-0.5914104713175833,0
,,0,-0.48377877550344384,0
,,0,2.466105680258974,0
,,0,-0.6506911181537219,0
,,0,1.034433452228757,0
,,0,-0.17148579401026873,0
,,0,-0.359847423561289,0
,,0,0.3349431220574918,0
,,1,-2.0595318944630545,0
,,0,1.4012324410441657,0
,,1,-0.04983827298651831,0
,,0,-0.7598869115013398,0
,,0,-0.5014468457585777,0
,,0,-0.9047489714135508,0
,,0,0.31917491352773136,0
,,0,-0.39426651592741063,0
,,0,1.4238371069275808,0
,,0,0.13922689157167487,0
,,0,0.08331748317313076,0
,,0,0.7258029812361921,0
,,1,0.5951241732885575,0
,,0,0.6211501394729847,0
,,0,-0.1090896559594362,0
,,1,0.927227280275543,0
,,0,-1.1078328642005806,0
,,1,1.0942548941609154,0
,,0,0.06237778454680736,0
,,0,0.2805409976401106,0
,,0,0.8101064428713562,0
,,0,0.3214758035896946,0
,,1,1.3620822782693542,0
,,1,1.4120587843912102,0
,,0,-0.4535697209049771,0
,,1,0.9950969539509944,0
,,1,-0.2528130356196306,0
,,0,-1.4333992949937973,0
,,0,0.12824821607402936,0
,,1,-1.532770696368971,0
,,0,0.04720575610955212,0
,,0,-0.20167250340242887,0
,,1,0.12447799853766647,0
,,1,-0.4946863070480189,0
,,1,0.8510241148343226,0
,,1,-0.4247552414065582,0
,,1,0.8370096215041042,0
,,0,1.1136295961818914,0
,,0,0.7543880047819871,0
,,1,-0.054437469885956324,0
,,0,-0.3222912951166062,0
,,1,-0.3319590159970973,0
,,0,-0.9381116000100618,0
,,0,-0.6912309092643051,0
,,0,-0.2742379974197218,0
,,0,-0.3713346757448838,0
,,0,-0.7064717671261139,0
,,0,-0.850284584716143,0
,,1,0.9515244908612941,0
,,1,0.7453702857863409,0
,,0,-0.10375406710729028,0
,,1,-0.27258193112188156,0
,,1,-0.6852382567585117,0
,,0,-0.13234662394451183,0
,,0,1.1648230263600792,0
,,0,-1.3137795184961962,0
,,0,-1.273791783677647,0
,,1,0.5546346435576244,0
,,0,-0.3764487532720709,0
,,0,0.040868465279938065,0
,,0,0.04111433042587622,0
,,1,0.5027286173228518,0
,,0,-0.06871045850185,0
,,0,0.5364646611648524,0
,,0,-0.6534744285214654,0
,,0,-0.2939261801457999,0
,,0,-0.2252136959866825,0
,,0,-1.0790940124530992,0
,,0,-0.24439189178441265,0
,,1,0.5046490167455369,0
,,0,-0.6636920222748778,0
,,0,-0.6438773937840494,0
,,1,0.18726094259133189,0
,,0,1.4664390658875395,0
,,1,1.8898344941329313,0
,,1,0.7894434716196953,0
,,0,-0.7251053464957952,0
,,0,-0.4348933611467504,0
,,0,-0.4241808575478081,0
,,0,2.2041203981252453,0
,,0,-0.7467015733663326,0
,,0,-0.4993337954072906,0
,,1,0.5778273824006772,0
,,1,-0.7140251645133181,0
,,1,0.4126673434827587,0
,,0,-0.6614866477883731,0
,,1,0.49575323803377325,0
,,1,1.1526348528256813,0
,,0,0.2653691667967079,0
,,1,-0.008366819138286125,0
,,0,0.08348088529648567,0
,,1,0.20746977692014426,0
,,0,0.8970581891935144,0
,,1,-0.4077498531147703,0
,,0,0.10532675469551586,0
,,1,-0.8001421648716938,0
,,0,0.2592569821710273,0
,,0,-0.03893250772448968,0
,,0,-0.4480072014466075,0
,,1,1.9488498713104514,0
,,1,-1.5472736140191095,0
,,1,0.4882907270440415,0
,,0,0.5750450006894152,0
,,0,-0.6894963026345526,0
,,0,-0.3134803058088453,0
,,1,-0.6782784062912914,0
,,0,-0.3912202010695339,0
,,1,0.11834843304972775,0
,,0,-1.3354972974977461,0
,,1,-1.2530362395955525,0
,,0,1.0421747881920298,0
,,0,-0.2886299360132929,0
,,0,-0.8094274656214498,0
,,0,-1.4437597743942487,0
,,0,0.02592020249148302,0
,,0,-0.28137199577157074,0
,,0,0.5556696445342434,0
,,1,0.07905119716345597,0
,,0,0.5875951381699375,0
,,0,-0.12231604772029496,0
,,1,-0.46225865659777954,0
,,0,0.7063071342737502,0
,,0,1.3583186943608654,0
,,1,0.039811563967313175,0
,,1,-0.6344705413798719,0
,,1,-2.627761330011454,0
,,1,-0.5782112218085659,0
,,0,0.6302246032322182,0
,,0,-0.19463228220418763,0
,,0,-1.493000024932942,0
,,0,0.3164748233819865,0
,,0,-1.179520223351721,0
,,0,-0.24034770330886465,0
,,0,-0.8079604289710215,0
,,0,1.0474464148260971,0
,,0,0.3780196184484163,0
,,0,-0.5016658857215414,0
,,0,0.629951945443528,0
,,1,-1.6525018028022704,0
,,0,0.6974197457109427,0
,,1,0.18458104044429527,0
,,1,-1.0772793205466618,0
,,0,0.2737284459130742,0
,,1,-0.33778401888973486,0
,,0,0.06583168346724513,0
,,1,0.8402119870133337,0
,,0,-0.4679969517919649,0
,,0,1.0232724283590504,0
,,1,0.03283205753293667,0
,,0,-0.24871266548612456,0
,,1,-1.2453072085952592,0
,,0,-0.5870480614458817,0
,,0,0.5118614757179542,0
,,0,0.3380691988190993,0
,,0,-0.07718598970844456,0
,,0,0.9805236570733653,0
,,1,0.14402660267681758,0
,,1,-0.59671960944522,0
,,0,-0.6422007885180921,0
,,1,-0.3091131551600648,0
,,0,1.8393952813718246,0
,,1,-0.5822756018176689,0
,,0,-0.5024838713434313,0
,,0,0.4242808028583455,0
,,1,-0.010727441249596414,0
,,0,-0.3611813005592729,0
,,0,1.0222067378001083,0
,,0,0.5747507316804671,0
,,0,-0.6206658786852336,0
,,0,-0.3994483351187803,0
,,0,-0.10202321997483357,0
,,0,-0.034766265187453405,0
,,0,-1.7048379669840774,0
,,0,0.5424210700768056,0
,,0,-1.1927037770306046,0
,,0,0.9925209626017241,0
,,0,0.65808549961445,0
,,0,-0.3520274383167812,0
,,0,-0.41715591988015494,0
,,0,-0.6262725321462481,0
,,0,0.9150171633045141,0
,,0,1.8608619472458128,0
,,1,-0.062367669218950594,0
,,1,1.3893296638886161,0
,,1,-0.25453064055951147,0
,,1,0.2111660819862715,0
,,1,-0.607325082977348,0
,,0,-1.133539400172259,0
,,1,0.4117533357833035,0
,,1,-0.8502830052725165,0
,,0,-1.2732337378029415,0
,,0,-0.6078914346305571,0
,,1,0.24597303276629295,0
,,1,0.020014212981168865,0
,,0,0.30717649139126285,0
,,1,0.5112134470569802,0
,,0,0.07810826503908638,0
,,0,-0.12059622570785457,0
,,1,1.7612204057871461,0
,,0,0.12437606173186083,0
,,1,-1.3913480181323368,0
,,1,-1.6503167612283807,0
,,0,0.24325630568101606,0
,,1,0.029986050853658935,0
,,1,-0.9668168962118036,0
,,1,1.4055683405888764,0
,,0,-0.6781589709457191,0
,,0,0.13204186188318842,0
,,0,0.19526506695712673,0
,,1,1.1327290951098137,0
,,1,-0.22831783644440584,0
,,0,1.3194211781545444,0
,,1,1.2077479290328386,0
,,1,1.5167663417639197,0
,,1,1.1378765722269495,0
,,0,0.6245871302423489,0
,,1,-0.296592395246819,0
,,0,-0.011863779286639894,0
,,1,0.41223341621689474,0
,,0,0.7449976055577423,0
,,1,0.5056017559789837,0
,,1,-0.465692475608506,0
,,0,0.6758446145396643,0
,,0,0.4311719803695968,0
,,0,-0.4718615819156822,0
,,1,-1.75182096425482,0
,,1,1.1182001245605993,0
,,0,-0.8120864446594923,0
,,0,0.27354971474006967,0
,,0,-0.790650892294791,0
,,0,0.14149883861285106,0
,,1,-0.017585967172399037,0
,,1,-0.11025988766570942,0
,,0,0.8774654640971389,0
,,1,1.2818622660530903,0
,,0,0.5343104754279641,0
,,1,-0.3875178116240142,0
,,0,0.14056760649762778,0
,,0,-0.8315672990487627,0
,,0,0.8770389105199508,0
,,0,-2.042449366459453,0
,,0,0.22228535797731008,0
,,0,0.0887394459573387,0
,,0,0.6864599564311055,0
,,1,-0.3454715156427653,0
,,1,-0.3102328140278808,0
,,1,0.8954333613874996,0
,,0,1.5391505711911795,0
,,1,0.3327790325199384,0
,,0,-0.5021543711153793,0
,,0,-0.43880509017876285,0
,,0,1.3790472585492466,0
,,0,0.28202551227768324,0
,,0,-0.03189257170483418,0
,,0,-0.23743019161317924,0
,,1,-0.2110899405658756,0
,,0,0.4502831860402742,0
,,1,-0.6004017468202744,0
,,0,-0.5243098866235203,0
,,0,0.7810344266088249,0
,,1,0.27536894650316934,0
,,0,0.9169306915700283,0
,,0,0.9992972760346235,0
,,1,-0.8673149366049537,0
,,1,0.33687300580080726,0
,,0,-0.9751624799527907,0
,,0,0.16051876937025802,0
,,1,0.4066028074890073,0
,,1,-0.6632977583873616,0
,,1,-0.20437209952941576,0
,,1,0.734266656210362,0
,,1,-0.516961542489965,0
,,1,0.7045183806679011,0
,,0,0.3165406728234626,0
,,0,-0.7604462032626607,0
,,1,3.0222855227272523,0
,,0,-0.329069549381863,0
,,0,-0.2822172158893772,0
,,0,-0.6171497397368073,0
,,0,-0.603725902033858,0
,,0,-0.3853877801730798,0
,,0,0.11793946006452204,0
,,0,0.36952631852619383,0
,,0,0.2435025962556912,0
,,1,-0.10726845580533942,0
,,1,-0.40840276813521215,0
,,0,1.634292672636978,0
,,1,1.1417547489812763,0
,,1,-2.4458659509706657,0
,,1,-0.4565509821612856,0
,,1,0.8813795267358846,0
,,1,0.36049247827987563,0
,,1,0.7248610452712683,0
,,1,-0.48447186524998753,0
,,0,0.5479251698151527,0
,,0,0.11917395244921847,0
,,1,1.36980656478945,0
,,0,-0.5752670416159437,0
,,1,-0.62775906015212,0
,,1,-0.48201139247640684,0
,,1,0.7029289657797457,0
,,0,0.21124232874723498,0
,,1,-0.941860579013019,0
,,0,0.20499568123615924,0
,,1,0.6957575748366486,0
,,0,0.07153310500165515,0
,,1,0.6490862512534896,0
,,1,0.7697469256285884,0
,,1,1.5451283768083433,0
,,1,1.6367623870458738,0
,,1,0.7729522553026401,0
,,0,-0.6788413885265169,0
,,1,0.4563742328289165,0
,,0,0.45819394337913766,0
,,0,1.2157536128776327,0
,,0,0.49022776767913206,0
,,0,1.95206476434294,0
,,0,0.00527681246528918,0
,,0,-0.9415071924036456,0
,,0,0.5466142625402785,0
,,0,0.4263523362401815,0
,,0,-0.7815955337907515,0
,,0,-0.2965363078043229,0
,,1,-1.6593404751976426,0
,,0,-0.42305764212189745,0
,,0,-0.39958189748493955,0
,,0,1.0545160423180235,0
,,1,0.9604439874096133,0
,,0,1.2934685528874932,0
,,0,0.1296121599445657,0
,,1,-0.4174083660699219,0
,,0,0.7224003544339858,0
,,0,0.6245660320089049,0
,,1,0.3454017885759799,0
,,1,0.9401286276492676,0
,,1,0.7317970553301746,0
,,0,0.5654112661669553,0
,,1,0.20967223532452334,0
,,1,0.06509332899429189,0
,,1,-0.7471838813403321,0
,,0,-0.5131868095990066,0
,,0,0.49979433993126327,0
,,0,0.21152476044884244,0
,,0,0.6994751700764813,0
,,0,0.9460966230074344,0
,,0,0.3703249308752928,0
,,0,-0.9700901447196899,0
,,0,-1.3011939842066482,0
,,0,-1.4869280425393099,0
,,0,-0.006439533981648619,0
,,1,-0.8420836774125242,0
,,0,-0.19664363133084897,0
,,0,-0.6638261764042898,0
,,1,0.4474293073275943,0
,,0,-1.0178411129688345,0
,,1,0.020771639600848758,0
,,0,-0.14593634557035032,0
,,1,0.7987078682317728,0
,,0,-1.5204593398797248,0
,,0,0.17092499148367604,0
,,1,1.6281396663899284,0
,,1,0.0034691824565286577,0
,,1,-1.1156767656393882,0
,,0,-0.4146405073909389,0
,,0,0.9890793476021554,0
,,0,0.8356661663573981,0
,,0,0.5730007040460258,0
,,1,0.5115811199979051,0
,,0,0.9037428039193984,0
,,1,-0.19195634161729466,0
,,0,-1.1339421788798367,0
,,0,0.5978284448930182,0
,,0,0.7805511987566481,0
,,0,-1.0638701017881578,0
,,1,1.4241199252610375,0
,,0,-1.0031811234564563,0
,,0,-0.20949938500470985,0
,,1,-1.0690107713758479,0
,,0,-0.15532959906831142,0
,,0,-0.025723359218008054,0
,,1,1.1090830208803393,0
,,1,-0.1864429146130133,0
,,1,-0.05540349920022919,0
,,1,0.7958125892543325,0
,,0,-0.0725996649865087,0
,,0,-1.1926300217590642,0
,,0,0.8685180028776519,0
,,1,0.36932873974454805,0
,,0,1.3318218253889778,0
,,1,-0.8835240888608051,0
,,0,0.48526895434803546,0
,,1,0.6058876604401622,0
,,0,-0.6379160719221691,0
,,0,-0.8098636564750922,0
,,1,0.31228154016197657,0
,,0,-0.7334823352517503,0
,,0,0.9524899938899153,0
,,0,1.3506470450339174,0
,,0,-0.3572524898758525,0
,,0,-0.6300627380757986,0
,,1,-0.00022860857366232345,0
,,1,-0.6530252623072098,0
,,0,-0.2596706741906678,0
,,0,0.03414736648137699,0
,,1,0.6355226669250744,0
,,1,0.818324950791696,0
,,0,-1.7154125607408965,0
,,0,-0.22087392044112658,0
,,0,0.2056811448509628,0
,,1,-0.646306425315887,0
,,1,0.5054751360055846,0
,,1,-1.5292164041954588,0
,,0,-0.456124287331358,0
,,0,-0.7243943291634495,0
,,1,-1.073591917834028,0
,,0,0.2073445655340138,0
,,1,-1.511885052957189,0
,,0,-0.9220540886421119,0
,,0,1.2192836744691389,0
,,0,1.0743508153216093,0
,,0,1.1135209295886794,0
,,1,-1.2285108613160554,0
,,0,-1.0389588018022968,0
,,0,-0.3097272947582695,0
,,1,0.4875351660109383,0
,,1,-0.007309884642094978,0
,,0,0.0249764020251776,0
,,1,-0.6339136733498514,0
,,1,0.41057610624434054,0
,,0,1.4687872577393903,0
,,1,1.0902178416660309,0
,,0,1.1856025684746125,0
,,1,0.8074808451311996,0
,,1,0.8540928792902163,0
,,1,-1.6113513010551659,0
,,0,-1.6109769697899976,0
,,0,0.16314159363482428,0
,,0,-0.7342046082643835,0
,,1,-0.14231605292824293,0
,,0,0.48905129656980995,0
,,0,0.575116872141757,0
,,1,0.4660622165863317,0
,,0,0.196681499104283,0
,,0,0.04117639219222331,0
,,0,1.018110432482736,0
,,0,-0.30312349620486784,0
,,1,0.82074569578621,0
,,1,0.11154501437044323,0
,,1,1.1670049218874408,0
,,0,1.1100457145759421,0
,,1,0.10201030716304388,0
,,0,0.2685164588795002,0
,,0,-1.7971922462877916,0
,,0,-0.7409023379776929,0
,,1,-0.8108972894610474,0
,,0,0.43466317316075415,0
,,0,-0.8190505586267713,0
,,0,-0.3768727298684382,0
,,0,0.9898944096352577,0
,,1,0.3602211349984955,0
,,0,0.24873435380419612,0
,,0,-0.327012140307327,0
,,0,0.035452243746697566,0
,,0,-0.04457688402591244,0
,,0,0.6646877300949361,0
,,0,-0.6531350925971892,0
,,0,-0.21623705031730778,0
,,0,0.23358656123083618,0
,,0,-0.16060364828795043,0
,,1,-0.9798372084135545,0
,,0,0.4555338850354662,0
,,0,0.2185709428760613,0
,,0,-1.8502811077197656,0
,,0,-2.0331749464327316,0
,,1,0.9475842694823371,0
,,0,-0.10093379979943023,0
,,0,-0.5973568627305885,0
,,1,-0.03776792638014868,0
,,0,0.5152286995710434,0
,,1,0.6926691952776944,0
,,0,0.7972669136167488,0
,,1,-1.5368116331270387,0
,,1,0.5013425855226721,0
,,0,-0.1535704503504809,0
,,0,-0.24841311290687182,0
,,0,-0.5600618092731644,0
,,0,-1.0096219023258797,0
,,0,0.4217438406905438,0
,,1,-1.7652477590651685,0
,,1,1.8927909623904597,0
,,0,-0.13229981591988263,0
,,0,0.5380118307012131,0
,,0,0.5333905986943401,0
,,0,-0.4254485486993083,0
,,0,0.7359958746100921,0
,,0,-0.4288685315540376,0
,,0,0.8079673835761548,0
,,0,0.23384874579136297,0
,,0,0.35300396532406425,0
,,0,-0.05907149303118434,0
,,0,0.00027794823297769207,0
,,0,0.8124445471986099,0
,,1,-0.7068218682429493,0
,,0,0.5191959916264463,0
,,0,-0.14745094899044534,0
,,1,0.43698993942631975,0
,,0,0.15280760213692937,0
,,0,-0.8290788431847073,0
,,0,0.4247697533696185,0
,,0,-0.5721084904789786,0
,,0,-0.3648638420974875,0
,,0,-0.5362688004818769,0
,,0,-0.46815155444361045,0
,,0,-1.696814765000263,0
,,1,0.3710656444902906,0
,,0,-1.102590803789502,0
,,1,0.5123951057965401,0
,,0,-0.4895344435376544,0
,,1,0.6630505422383077,0
,,0,-1.6165529919986796,0
,,0,-1.6858245885595766,0
,,0,-1.8221692127231055,0
,,0,-1.5202809753202782,0
,,0,1.0103319380915272,0
,,1,-1.0308646069117944,0
,,0,-0.6445576065709087,0
,,1,-0.6255283393850962,0
,,1,0.15783834140473296,0
,,0,0.5860329178274438,0
,,0,-0.059803587168457774,0
,,0,0.4639242040777607,0
,,1,1.3230905019975159,0
,,0,-0.9081596361293908,0
,,0,-0.48675359543604924,0
,,0,1.4027964785463916,0
,,1,0.080752969794635,0
,,0,-0.5661799271126635,0
,,1,-0.9535434575177517,0
,,1,-0.08003235139486425,0
,,1,0.3766163165879386,0
,,0,-0.67763025804301,0
,,0,2.0691668455612358,0
,,0,0.1697758253663543,0
,,1,0.22743722926938356,0
,,1,0.9723512073882874,0
,,1,-0.09060308522721243,0
,,0,-1.5559330259582762,0
,,1,0.0012801474062216983,0
,,0,1.2280340848783802,0
,,1,-1.5322215481684436,0
,,0,-0.5143632212970086,0
,,0,0.9106790062972169,0
,,0,-0.18953372503911,0
,,0,0.7140727185467287,0
,,0,0.526882603106411,0
,,0,-0.9717480855521472,0
,,0,-0.4124909033653665,0
,,1,1.7638477739723988,0
,,0,0.2157967514682308,0
,,1,-0.33098112097834564,0
,,1,0.299681412469112,0
,,0,-0.3352198636196483,0
,,0,-0.6885869676263456,0
,,1,0.4736777894840221,0
,,1,-0.4211651493909079,0
,,0,0.9083501518889446,0
,,0,1.5726047205699187,0
,,1,-1.502286878820696,0
,,0,-0.6267186393329831,0
,,1,-1.1575032269030883,0
,,0,1.2733003928674171,0
,,0,-0.32960537622970826,0
,,0,-0.6437728896657969,0
,,0,-1.5457608606210937,0
,,1,-0.16552113462198814,0
,,0,-0.9292265569087232,0
,,1,-1.7617312936595608,0
,,1,-1.1590440022191604,0
,,0,0.6009497912458253,0
,,0,0.3301337310441894,0
,,1,-0.18314628169060082,0
,,0,1.158975784854955,0
,,0,-0.7889395624665881,0
,,0,1.0321522278178907,0
,,0,0.04438189526073194,0
,,0,-0.5501222042198525,0
,,0,0.04307635603711799,0
,,1,0.5778905403928202,0
,,0,0.8219863055711543,0
,,0,0.8801855287036031,0
,,0,-0.04878612922390065,0
,,0,-1.4909674735677132,0
,,0,-0.625787437730286,0
,,0,-0.3818825763272271,0
,,1,-1.4071004857513982,0
,,0,0.9619295967175067,0
,,0,1.0314115084266195,0
,,0,-0.39279226710250237,0
,,0,1.3295216950630175,0
,,1,-0.5283412493576969,0
,,0,-0.46513767417134627,0
,,0,-0.29453234399654715,0
,,1,-0.1979581123826023,0
,,0,-0.05845646934011702,0
,,0,1.7286406148841067,0
,,0,-0.768663907771454,0
,,1,1.13711758650235,0
,,0,0.627649581199832,0
,,1,-0.6613946240408611,0
,,1,-1.77274851604074,0
,,0,0.30500863436942466,0
,,0,-0.484885575006268,0
,,0,0.4712004346151907,0
,,0,-0.1533041216310885,0
,,0,0.4388462385777134,0
,,0,-0.6079470998012091,0
,,0,-0.8308145841672879,0
,,1,-0.47712786722984313,0
,,0,1.2834822956971137,0
,,0,-1.1428064273560274,0
,,0,1.1121537119018652,0
,,0,-0.5305442639020838,0
,,1,1.776769490730912,0
,,1,1.2722953028953519,0
,,0,-0.9535320035801804,0
,,1,-1.763486815079108,0
,,0,1.0056250452707938,0
,,0,-0.9137930922332167,0
,,1,-0.4346785378118272,0
,,0,0.872419281802982,0
,,0,0.5749599674847498,0
,,0,-2.0800159741761792,0
,,0,-0.9199225788889993,0
,,0,-0.017777913112754378,0
,,1,0.3530445086005786,0
,,1,-0.6004960494332267,0
,,1,0.5344301232032007,0
,,0,-1.0907651151514213,0
,,1,-1.191243683930987,0
,,1,0.3708758166850854,0
,,1,-0.20253758697400376,0
,,0,-0.9368916274883051,0
,,0,0.6206236856970965,0
,,0,-0.6322340033804855,0
,,1,-0.5779857094299911,0
,,0,0.7662423968214729,0
,,0,-1.0952454578268014,0
,,1,0.5842599067250799,0
,,0,-0.20044850670571535,0
,,1,0.3144666284565479,0
,,1,0.7716338556090815,0
,,0,0.3877916325239254,0
,,0,-2.11908682625026,0
,,0,-0.6512225213779792,0
,,0,-0.9256519666920036,0
,,1,-0.8498439261520662,0
,,0,-1.1259320175989085,0
,,1,-0.15940655433829853,0
,,0,-0.3097358934676196,0
,,1,-0.18789554394350635,0
,,0,1.426896320414412,0
,,0,-0.9632513832837915,0
,,1,-0.10256908646263718,0
,,0,-0.09315127350379639,0
,,0,-0.034972668632404176,0
,,0,-0.8514080470442915,0
,,0,0.04055988061012263,0
,,0,0.8858188354163735,0
,,1,0.3160257596914293,0
,,1,0.5367906258762134,0
,,0,-1.124431649684242,0
,,0,-1.5493417224571961,0
,,0,0.9246053900851408,0
,,1,-0.810720651096211,0
,,0,0.7585687529429526,0
,,1,-0.06587155078654403,0
,,1,-0.8769914942176608,0
,,1,1.405002644127508,0
,,0,-0.6216487279255681,0
,,0,-0.07856697587849347,0
,,1,-0.32389634422614116,0
,,0,1.0549099298985454,0
,,0,-0.8645280908141151,0
,,0,-0.17125436407894049,0
,,0,-1.9159759160496288,0
,,0,1.251262592252383,0
,,0,-1.0529434067124557,0
,,0,0.5239595952742746,0
,,0,-0.04992495052809401,0
,,0,-0.6209034161407819,0
,,0,0.1039320907668066,0
,,1,-0.8780846434556483,0
,,0,0.0367750581377509,0
,,0,0.17049828201464254,0
,,0,-0.7138707867354454,0
,,1,-0.9055514663838679,0
,,1,-0.5428140438033963,0
,,1,0.25113895343066717,0
,,1,0.21529175821736715,0
,,0,0.1745380194509793,0
,,0,-1.0999066431878772,0
,,1,-0.41627890383021116,0
,,1,-0.9277898678754142,0
,,1,0.4921994420377753,0
,,1,0.4579484732815178,0
,,0,-1.0570973518590443,0
,,0,0.18634917712632804,0
,,1,-1.2324567240322304,0
,,0,-0.4837458512883419,0
,,0,0.10816687199956346,0
,,0,0.16916135724396486,0
,,0,-0.43914538042270557,0
,,0,-0.3253300871733341,0
,,0,1.055639039733108,0
,,0,1.033037681554849,0
,,0,0.9397193973688661,0
,,0,0.7783733118133578,0
,,0,0.5958182838030708,0
,,0,-0.3585660279030491,0
,,1,-0.9097594391984992,0
,,0,0.9644921108110651,0
,,0,1.4305581350682524,0
,,0,-0.6445644393276205,0
,,1,-0.6394949434945378,0
,,1,0.11145938074558556,0
,,1,0.22418661988151736,0
,,0,-0.7021784060102051,0
,,1,0.5629977614229106,0
,,1,-1.0198802258700115,0
,,1,-0.6402146363334595,0
,,0,0.9283829049965345,0
,,1,-0.10432781178645882,0
,,0,0.8951097016976163,0
,,1,0.6980431658159355,0
,,0,-1.6841528936495842,0
,,0,0.9817662594211585,0
,,0,0.7758766247647763,0
,,0,1.3429097907977592,0
,,0,-0.2590003616532441,0
,,0,-0.15596963204437927,0
,,0,0.8238058060188107,0
,,0,-2.2747247133762354,0
,,1,-0.3816351754180575,0
,,1,-0.4280938124333393,0
,,1,-0.604199901928104,0
,,0,-0.5450883569771539,0
,,0,1.2104008590936508,0
,,0,-1.010987777915935,0
,,0,-0.8099993792991045,0
,,0,-1.4285818711363263,0
,,0,0.38904687638384,0
,,1,0.4294792386450737,0
,,1,-1.4824689789696983,0
,,0,0.16271309254940786,0
,,0,2.275939181898845,0
,,0,0.9610471161913625,0
,,0,-0.8600324164015151,0
,,0,-0.9238649787695783,0
,,0,0.2750910764621662,0
,,0,-0.34598789472406044,0
,,0,-1.2802467778545417,0
,,0,-0.8921668903567603,0
,,0,-1.0025463197461115,0
,,1,1.1382893863898582,0
,,1,0.323126770000412,0
,,0,-0.46431405657894953,0
,,0,0.7425250390858886,0
,,1,0.4970791335308796,0
,,0,-0.009088051190677402,0
,,0,0.2442662988073683,0
,,1,1.962251414409516,0
,,0,-0.8821105796137428,0
,,1,0.17283211561616235,0
,,1,1.09500113151164,0
,,1,-1.697890062846795,0
,,0,0.13907970002504325,0
,,0,-1.3462625248722628,0
,,0,0.19717635639600392,0
,,1,-0.8358568752877007,0
,,0,-1.1327550435733513,0
,,0,0.19238247960911084,0
,,1,-0.33329035460046297,0
,,0,0.25941714812573874,0
,,0,-1.3845689858306822,0
,,0,-1.4647688939613448,0
,,1,-0.9858185511020322,0
,,1,-2.1495095266129653,0
,,1,-0.159054180813903,0
,,1,-1.1420774087164625,0
,,0,-0.026098700755621266,0
,,0,-0.44171379056141563,0
,,0,0.6161857308127113,0
,,1,0.7842286401030741,0
,,1,0.3439942736729395,0
,,0,-0.954539153450805,0
,,1,-0.9774258693560055,0
,,1,1.4655488217292012,0
,,1,1.1176626860375516,0
,,1,1.5774529929715997,0
,,1,0.28374529408927385,0
,,1,-1.9462123353135898,0
,,0,-0.25232577418851326,0
,,1,-0.7877410691787516,0
,,0,-0.12097578473513444,0
,,0,0.5624837886156088,0
,,0,-0.7278565595164762,0
,,0,1.3815433705072393,0
,,1,-1.4139970941906717,0
,,0,0.2555756230383313,0
,,0,-0.041019184186040863,0
,,1,0.510571611871983,0
,,1,1.587487231689947,0
,,1,1.090174244079585,0
,,1,0.8340185989377578,0
,,1,1.1091748898349012,0
,,0,-0.12289121297482433,0
,,0,2.5865155205057526,0
,,1,-0.26263813267141217,0
,,0,-1.0601162673804425,0
,,0,0.03747196329276865,0
,,0,1.0920863666826015,0
,,1,-1.2104123025868843,0
,,0,0.2375854139008638,0
,,0,-1.732454924964291,0
,,0,-0.11376847242604583,0
,,0,-0.9324456766772471,0
,,0,1.438846885215358,0
,,0,0.852451581630135,0
,,0,0.10286058827689236,0
,,0,1.05890598239459,0
,,1,0.3001079706562042,0
,,0,0.6738209104477931,0
,,0,1.3768775093109884,0
,,0,-0.32648193910207024,0
,,0,-0.18738681982543995,0
,,1,1.6203467781495358,0
,,0,0.3269565554451769,0
,,0,-0.699503541671852,0
,,1,1.0773310973299188,0
,,0,-0.6957183828098221,0
,,1,0.3623405701082802,0
,,1,0.503939374533476,0
,,0,0.30209596032242414,0
,,1,-0.6120336230914053,0
,,0,0.7958982781604378,0
,,0,-1.3966771988687947,0
,,0,-1.2815603152183965,0
,,1,-1.2002162586663139,0
,,1,1.8365703965241507,0
,,1,2.058028008139711,0
,,0,0.5800457430823415,0
,,0,-0.3342878859583392,0
,,1,-1.047426554729566,0
,,0,0.3170331793166403,0
,,1,-0.4266149876786966,0
,,1,-1.4292358038152773,0
,,1,-2.103204348060406,0
,,0,0.5347797200399027,0
,,0,-0.633286907566063,0
,,0,0.0819872179164063,0
,,0,0.14790416100355364,0
,,0,-0.2555908077119946,0
,,0,-0.4775996685018773,0
,,0,1.2610912181066185,0
,,1,-0.02430111090969363,0
,,0,0.8845867493411458,0
,,0,-1.1018095077108934,0
,,0,-1.103655387036334,0
,,0,0.21509123505385178,0
,,0,-1.9863281635014731,0
,,1,0.598297598143871,0
,,1,1.0409018330038635,0
,,0,0.4912080533548089,0
,,0,-0.658052715537316,0
,,0,-0.7643836809618537,0
,,1,-0.11367755456978229,0
,,0,-1.1132015526951418,0
,,0,0.08819518999767023,0
,,0,-0.05876925070634527,0
,,0,-0.6071391240971419,0
,,0,0.3582012202560226,0
,,1,0.5531966323679264,0
,,1,0.2510264677578811,0
,,0,-0.4249817765124262,0
,,0,0.7635132439062644,0
,,1,1.2374600218462077,0
,,0,0.4222102262658249,0
,,1,-1.0588555040056613,0
,,0,-1.348313137656694,0
,,0,-0.011998735529709053,0
,,0,0.06479365622360565,0
,,0,0.6774485307902163,0
,,0,-0.6693065241902112,0
,,0,0.2964304997512709,0
,,0,0.09091391263798945,0
,,0,-1.3819386303409713,0
,,0,0.37060946393420724,0
,,0,0.7556084723187217,0
,,1,0.5380042829989987,0
,,0,-0.15044548524263718,0
,,0,1.1608797215720013,0
,,1,-1.3315456328710122,0
,,1,-0.6849608166768494,0
,,0,0.27546315847241754,0
,,0,0.4621351155932885,0
,,1,-0.4931599803573899,0
,,1,1.0418500201030436,0
,,1,0.10903675231651595,0
,,0,-0.3011320792695576,0
,,1,-1.3461053343332914,0
,,1,0.2973707656844314,0
,,1,-0.12287006590321996,0
,,0,1.7277374242495698,0
,,1,-0.2665872691717474,0
,,1,0.5694399326790875,0
,,1,-0.6867570143968933,0
,,0,0.2982621975021885,0
,,1,-0.3706666114971874,0
,,1,0.8696269036462942,0
,,1,0.03357085663455108,0
,,0,-1.186039099422769,0
,,0,-0.14343503631696516,0
,,0,0.14694677516218033,0
,,1,0.6388042988562883,0
,,0,-0.9593910239012798,0
,,1,-0.7748941822179013,0
,,0,-0.28732025608005,0
,,0,0.853431567707645,0
,,0,-0.041136296549785144,0
,,1,0.2705736707633232,0
,,0,-0.30862295671642404,0
,,0,0.28433966476281,0
,,1,-0.415933746719344,0
,,0,-0.05310075898527999,0
,,1,0.6072823351665347,0
,,1,-0.41850630309300385,0
,,0,0.9679896228539278,0
,,0,0.443704966795047,0
,,1,0.571322290034208,0
,,0,-0.5117223154286087,0
,,0,-0.4035155359376669,0
,,0,0.10010691678315822,0
,,0,-0.39410341920563446,0
,,0,0.13015092608492534,0
,,0,0.4883499774813661,0
,,0,0.15436421466797826,0
,,0,0.13213013331000997,0
,,1,1.4276393434643737,0
,,1,-0.503035690943443,0
,,1,-1.1826578008532485,0
,,1,0.6284958127527339,0
,,0,1.4324685114696636,0
,,1,-1.034268043100223,0
,,0,-1.694317656291569,0
,,0,0.19128157628274842,0
,,0,-0.5386901242523285,0
,,1,-1.1140024648061733,0
,,0,-0.961656417915627,0
,,0,-0.6744038118226902,0
,,1,-1.6742107495978253,0
,,0,-0.7700113707667641,0
,,0,0.6870689068864785,0
,,0,-0.23990643450818835,0
,,0,0.8170857311798329,0
,,0,0.8703646328949319,0
,,0,1.9384014439231236,0
,,0,0.9381065569821986,0
,,1,-0.8904601945284158,0
,,1,-1.1884505524680422,0
,,0,-0.34332566678869747,0
,,1,0.05133935395131993,0
,,0,0.34810067455674,0
,,0,-1.1043626715733048,0
,,1,-0.2705080718290442,0
,,0,0.5725185148796716,0
,,0,0.8224698949651095,0
,,1,-0.8185298908504502,0
,,1,0.06835876659968164,0
,,0,1.1770992518962178,0
,,0,-0.3252086095102836,0
,,0,-0.19561970383393704,0
,,1,-0.766707408895639,0
,,1,-0.9231861294620398,0
,,0,0.5084118137955042,0
,,1,-1.0232097408684127,0
,,0,0.44641335614083805,0
,,0,-0.027176433730339872,0
,,0,0.7364347586965695,0
,,0,0.15109627037307533,0
,,0,-2.15269620903293,0
,,1,-1.3338182781958976,0
,,0,-0.5189429580861205,0
,,0,-0.211297651470287,0
,,0,0.8569966769761984,0
,,0,0.3001961292714344,0
,,1,0.2298317377072269,0
,,0,0.299026965997888,0
,,0,0.43119177572121836,0
,,1,-0.48699405224689485,0
,,1,-0.9933286958291844,0
,,1,-0.26206015421044815,0
,,1,0.20284323526402856,0
,,1,-0.31947494507353785,0
,,1,0.4533900519888158,0
,,1,1.2544104400828573,0
,,0,-0.6945323168595517,0
,,1,0.3525774245909861,0
,,0,-0.3558028297318665,0
,,1,-1.6038849357489247,0
,,0,-0.4700294997257628,0
,,0,-0.4490231220111354,0
,,1,-1.1832783665298374,0
,,0,-0.18320434555737344,0
,,1,-0.4744520932254431,0
,,1,-0.6961639328269433,0
,,0,-1.1707327583154135,0
,,1,0.05101364820962348,0
,,0,-0.21538579868516028,0
,,0,0.6303064777586769,0
,,1,-1.8882210280034775,0
,,1,-0.47778432613583843,0
,,0,-1.3401142640351398,0
,,0,0.8104795629327937,0
,,1,1.6143332259072243,0
,,0,0.7371673963641043,0
,,0,0.7595746172530321,0
,,0,-0.747507671662212,0
,,0,-0.12108465141005355,0
,,0,1.009230315998426,0
,,0,0.6826235277887682,0
,,0,0.8693682331998185,0
,,0,-0.18332876631805772,0
,,0,0.09472808308672054,0
,,0,-0.2413488504214504,0
,,0,-0.178984511383227,0
,,1,-0.7955786139425786,0
,,1,0.5571684563025786,0
,,1,-1.0901202091528455,0
,,0,0.09583361340250304,0
,,1,-0.6429335994106056,0
,,0,-1.2196771497330599,0
,,1,-0.6736319385884989,0
,,0,0.17636896026301582,0
,,1,-0.14503652712683152,0
,,0,-0.6625488028413777,0
,,0,0.253569665572438,0
,,0,0.6997358639040063,0
,,1,0.2867351088789934,0
,,0,-0.1582806279525678,0
,,0,1.0481691561956363,0
,,1,1.3561807490331834,0
,,1,-0.49216485765521295,0
,,0,-1.4557743731314536,0
,,1,0.8571231891958151,0
,,0,-1.4324079583810245,0
,,1,-0.2312765984798709,0
,,0,-0.5610419100968154,0
,,1,-1.58742710351248,0
,,0,1.1301234713122132,0
,,0,-0.004456683478121772,0
,,1,-0.5218355509929448,0
,,1,-1.0393947162982051,0
,,1,0.1677395686938693,0
,,1,-0.8698763489244551,0
,,1,0.5357635029850957,0
,,0,1.0113600216811007,0
,,0,-1.0455045800486202,0
,,0,-0.7868169586745014,0
,,1,0.36694340124587166,0
,,0,0.7276585653655183,0
,,0,-0.038999972000437644,0
,,0,1.0185706163020467,0
,,1,-0.07328876288048723,0
,,0,-0.8883726473782011,0
,,0,-0.40100421894991867,0
,,0,0.07289598866263981,0
,,0,-1.6440350222318592,0
,,0,0.46826825689528406,0
,,1,0.35761653525030385,0
,,0,-0.04031012640276142,0
,,0,0.7650003410560767,0
,,1,0.9360487415545613,0
,,1,-0.5150897510691191,0
,,1,1.286946311566493,0
,,0,-1.16277928050508,0
,,1,0.9134820796045694,0
,,0,0.11848268537549798,0
,,0,-0.10580015965298888,0
,,0,-0.4528933659891052,0
,,0,0.1707612683438718,0
,,0,-1.2927030753733548,0
,,0,0.012830783629815712,0
,,0,-0.584590457937521,0
,,0,-1.3978151349529622,0
,,0,-0.5859096897367164,0
,,1,0.10542170564101279,0
,,0,-0.21601959135440524,0
,,0,0.7259518216675755,0
,,0,0.6846191198325748,0
,,1,0.7944662525784025,0
,,1,1.830062839600361,0
,,0,-0.7640533451267314,0
,,1,-0.1282913989385672,0
,,1,0.46790521758718356,0
,,0,-0.1253258345602739,0
,,0,0.610004031823846,0
,,1,-0.5703824779951115,0
,,0,0.5244975143815842,0
,,1,1.0748687468862832,0
,,0,0.016083686583770566,0
,,0,0.11343425137940022,0
,,0,-0.9161348266245141,0
,,1,0.36701237612226667,0
,,0,0.21327083370706373,0
,,0,0.6743657365376082,0
,,1,0.9657986013655293,0
,,0,0.09521431457721403,0
,,0,0.9969985202035311,0
,,1,0.7955443075546741,0
,,1,1.4989139504937479,0
,,1,0.7631145640509609,0
,,0,0.40787496146415353,0
,,1,-1.1989956554997343,0
,,0,0.8560251717352899,0
,,0,0.8967100814215373,0
,,1,0.7344536028118757,0
,,1,-0.509464038270531,0
,,1,2.117913310447478,0
,,0,0.29795866746190797,0
,,0,1.1461450182577824,0
,,0,-0.0020691614415943305,0
,,1,0.9416492210694064,0
,,1,-2.0591119217892815,0
,,0,0.39218927049938046,0
,,0,-1.1168524345079516,0
,,1,1.0278299455470101,0
,,0,0.3204750899263279,0
,,0,-1.0862338394183086,0
,,0,-1.0291863872639255,0
,,0,-1.9127619583844424,0
,,0,-0.5179911404644894,0
,,1,0.44479354897564266,0
,,1,0.4739130109810909,0
,,0,0.9485024451942746,0
,,0,-1.364125839117126,0
,,0,0.8393158999426918,0
,,0,0.06396535125370251,0
,,0,-0.23451712588456694,0
,,0,0.27985571560234485,0
,,0,0.5301180293350342,0
,,0,0.6280039522154773,0
,,1,-0.42796103747920783,0
,,1,-0.1447165677372203,0
,,0,1.2269514126531427,0
,,0,-0.7813903275119013,0
,,1,-0.8391224900687018,0
,,0,-1.0322413616063146,0
,,1,-0.17698572850032204,0
,,0,0.04946305835411112,0
,,0,0.7886720883828319,0
,,1,-0.07354839771699745,0
,,1,-0.7540911802186644,0
,,1,0.9580102883907977,0
,,0,-0.8310120635858321,0
,,0,1.2396248428971144,0
,,0,0.41409100949161737,0
,,1,-0.6088666510763902,0
,,0,0.40448225708188545,0
,,0,0.15887288711895434,0
,,0,-0.7902398375301126,0
,,0,-1.6853267994533747,0
,,1,0.6439300005997787,0
,,0,0.16793692382263473,0
,,1,-0.8349922101731547,0
,,0,1.2633741858237644,0
,,0,-1.2633665097587228,0
,,0,-0.8265264902905545,0
,,1,0.7601502600163718,0
,,0,-0.3524093643221481,0
,,0,-0.15943097791752026,0
,,0,2.1095792448694124,0
,,1,1.0569680018083847,0
,,0,-0.4501653975045262,0
,,1,-0.5042140976452176,0
,,0,0.9377395405973536,0
,,1,0.2913719971889475,0
,,0,-0.9700930075431498,0
,,0,-1.208380044975961,0
,,0,-0.23558090841914683,0
,,1,-1.4609804147626555,0
,,0,-1.4359905293588615,0
,,0,-0.2525079166353464,0
,,1,-0.3238386517955087,0
,,1,0.3266220521905545,0
,,0,-0.48703657377168225,0
,,1,-1.5401844686042498,0
,,0,1.8116332687537702,0
,,0,-1.0498235033888312,0
,,0,0.9704128129757813,0
,,0,-0.47729054243340524,0
,,0,-0.09370618466122163,0
,,0,0.3750650818709935,0
,,1,-0.06799087795421431,0
,,0,1.6604778172803754,0
,,1,-0.544724465095069,0
,,0,-1.257049423421085,0
,,1,0.8552550838183481,0
,,0,-0.7566329037953576,0
,,0,-0.4651983183388006,0
,,0,0.915785526874606,0
,,1,-0.3264514269192774,0
,,0,-0.77880303875277,0
,,1,0.633541890208122,0
,,0,-0.2780118055392269,0
,,1,0.11646484463699773,0
,,0,1.4716255251912267,0
,,0,0.6798479397537743,0
,,1,0.10962014819792465,0
,,1,1.1649370613497887,0
,,1,0.10229136899122795,0
,,0,0.0890972814901154,0
,,1,-0.531991285491667,0
,,0,1.1777724411801598,0
,,1,-1.8002522910168635,0
,,1,-0.733439286902035,0
,,0,0.21636821349977065,0
,,0,0.5455046802652326,0
,,1,0.7178529041552542,0
,,0,-1.1796479510961932,0
,,1,1.232778140453531,0
,,1,0.5650663237747271,0
,,0,0.07950393565010902,0
,,0,0.2453964366761102,0
,,0,-0.49546211389552197,0
,,0,-0.395297760319003,0
,,0,-1.7112519533939239,0
,,0,-0.6092641921642534,0
,,0,0.1040039698281407,0
,,0,-0.559900977486945,0
,,1,-0.3101594979541343,0
,,0,-0.763012782509529,0
,,0,0.4187172419437233,0
,,0,-1.5493022430769225,0
,,1,1.579793138625492,0
,,1,1.4333846458492725,0
,,0,0.45554918696213736,0
,,0,0.17653686524017664,0
,,0,-0.1673918853266526,0
,,0,-1.3867143566741118,0
,,0,1.4981178120861476,0
,,1,0.2973099610118266,0
,,0,1.8417130275779758,0
,,0,1.137631900801038,0
,,1,-1.0790223314095773,0
,,0,-1.0648707628663532,0
,,1,1.0568811555898063,0
,,1,-0.4681019813678691,0
,,0,-0.07940124961418146,0
,,0,1.6292451891169655,0
,,1,-1.106076552529746,0
,,0,-0.654425586197611,0
,,0,0.12550788432865603,0
,,0,-1.8526563384154418,0
,,1,-0.09645381952192232,0
,,1,0.9847014300579107,0
,,1,-1.608857575141856,0
,,0,1.377810705326847,0
,,1,-1.0324006725979809,0
,,0,0.37283908189263326,0
,,0,-0.4736532358893215,0
,,1,-0.4362914144472827,0
,,1,0.2993045524206789,0
,,0,0.13797097947909026,0
,,1,1.3665097126045962,0
,,1,-0.23288522080109628,0
,,0,0.7155555222111046,0
,,1,-1.4970513573718662,0
,,0,0.27666785663601967,0
,,0,2.4823696456583972,0
,,0,-0.01613796133045612,0
,,0,-0.05287141575778624,0
,,0,1.669965422129481,0
,,0,-0.05818968836197617,0
,,0,-0.5992372337393964,0
,,0,0.3274830918838566,0
,,0,0.2817481636477665,0
,,0,-0.30976696307622525,0
,,0,0.7601861984881565,0
,,1,-0.1409895906091933,0
,,1,0.5180130096316926,0
,,0,-0.3113879238843774,0
,,0,0.4122414087494903,0
,,1,0.08141096275355576,0
,,0,0.5434037726893006,0
,,0,1.2369830311496064,0
,,0,-0.6569136908503441,0
,,0,-0.0193190587286818,0
,,0,0.6288965840064048,0
,,0,-0.7696324748755387,0
,,0,0.14622910872159306,0
,,1,0.24632480916413327,0
,,0,0.8163303907900042,0
,,1,-1.420957229098617,0
,,1,1.3575973836043447,0
,,0,-0.698915098372634,0
,,1,0.8313130588367923,0
,,0,1.6003299845902104,0
,,1,0.8238524826002083,0
,,0,-0.32485616682272567,0
,,1,-0.22915532481421025,0
,,0,-0.30501513803874947,0
,,0,0.18837693901737673,0
,,0,0.12088172128588044,0
,,1,1.2117409516368463,0
,,1,0.12924976731220536,0
,,0,-0.6426280117827636,0
,,0,-0.1288725689840356,0
,,0,-0.057524954693587024,0
,,0,-0.4270255534338712,0
,,1,-1.2344020685234947,0
,,0,-0.6768856966442757,0
,,1,-0.35205244024482285,0
,,0,-0.7748058282292817,0
,,0,0.8275445367862042,0
,,1,-1.0434849462319422,0
,,1,0.8912257812160128,0
,,0,-0.48573668124636543,0
,,1,0.4520486470190482,0
,,0,0.07819974652225971,0
,,1,1.7153696198039674,0
,,1,-0.541199596284672,0
,,0,-0.5412374685872523,0
,,1,0.5916187978451269,0
,,1,2.265692983550312,0
,,0,-1.2422260163811243,0
,,1,-1.1979456568042517,0
,,0,0.7681581518169169,0
,,1,-0.5560744920764603,0
,,0,-0.28381216900629047,0
,,0,0.43990962863211125,0
,,0,0.14194297836968062,0
,,1,-0.5602159516167757,0
,,1,0.3837231325076171,0
,,1,-0.08249555775819123,0
,,0,0.9139671274684151,0
,,0,-0.9191158705751902,0
,,0,0.13431293922769405,0
,,1,-0.3060999084284707,0
,,1,0.9419171686130633,0
,,1,0.0582906308758773,0
,,1,-0.6747963694086951,0
,,0,-0.27522340508805115,0
,,0,-1.0064055747411567,0
,,1,0.1292884873401509,0
,,1,-0.3035294861557394,0
,,0,0.5159985017060369,0
,,0,0.6700810623826553,0
,,1,0.6523253589604925,0
,,1,1.3378651646136912,0
,,0,0.5665806675677192,0
,,0,0.33658447263465624,0
,,0,0.8146849912478781,0
,,1,-0.3313840569183962,0
,,1,-1.008748133014419,0
,,0,0.12226468709303887,0
,,1,0.7034052048966704,0
,,0,0.9501997104884146,0
,,1,0.8435206999316397,0
,,1,0.09510529264587841,0
,,0,-1.1299543162354062,0
,,1,0.23670940568206866,0
,,1,0.646947241052666,0
,,1,-0.35535452126736355,0
,,1,0.9298089394633989,0
,,1,-0.7188536182809109,0
,,1,-0.3284090720889069,0
,,0,0.9969908719869772,0
,,1,-1.0476221329317148,0
,,1,0.3721891625451492,0
,,0,-0.607216570553261,0
,,1,0.8858853452235401,0
,,0,-0.2916687474150664,0
,,1,-1.610618944635679,0
,,0,-0.2524766844050261,0
,,1,0.49442729224630405,0
,,0,-0.04912706407683865,0
,,0,-0.3443070519146251,0
,,0,1.0739372619529148,0
,,0,0.4427140762341392,0
,,1,0.3829526129747034,0
,,0,-0.08315649710375782,0
,,1,0.7239478577497498,0
,,0,1.454415601243089,0
,,1,-1.1915769901102917,0
,,1,-1.5526985106745483,0
,,0,0.5838380615429092,0
,,1,-1.9181036331441903,0
,,0,-0.3453692968023438,0
,,1,0.1632935147765264,0
,,1,-0.9725490869804304,0
,,1,1.282825797282213,0
,,1,0.49201975677240145,0
,,0,0.8064457797091433,0
,,0,-0.28330715685117164,0
,,1,0.04359300331385531,0
,,0,-0.06010772505587083,0
,,0,0.40604482758687965,0
,,0,0.5959988488637306,0
,,1,-0.8005146591191156,0
,,0,-0.7059326074643278,0
,,0,-0.7694063370375315,0
,,0,0.5449014172415138,0
,,1,0.10144995939906111,0
,,1,-1.283340627773075,0
,,0,0.08146286895141051,0
,,0,-0.2665357761554493,0
,,0,-0.7937576305421243,0
,,0,-0.4810431739211992,0
,,1,0.4738469292348833,0
,,0,-1.5452594553245758,0
,,0,0.461005080198164,0
,,0,0.023903361279142495,0
,,0,1.1811089582566017,0
,,0,-0.8728812206546963,0
,,1,-1.024868810364843,0
,,1,0.23879991165467693,0
,,0,2.1487273477789133,0
,,0,-0.5953250619151608,0
,,0,-0.29572394342931,0
,,0,-0.47529034129607595,0
,,0,0.31379984567872177,0
,,0,-0.7603122765916377,0
,,0,-0.8114106166865545,0
,,0,0.6401203778990332,0
,,0,0.5496999414330342,0
,,0,1.754079740637214,0
,,0,0.1494674939252053,0
,,1,0.5366264349599681,0
,,0,-0.45544801393848655,0
,,1,0.02354479526650684,0
,,0,1.2846737067929077,0
,,0,-0.3838201963804809,0
,,0,1.9551161603472964,0
,,1,0.34123130093389775,0
,,1,-0.11328996783467464,0
,,1,0.903761289552609,0
,,0,1.0797652033748173,0
,,0,0.5301583064754744,0
,,0,1.444580727356445,0
,,1,0.33187324501319204,0
,,0,-1.1321491192615378,0
,,1,-0.2875955243822313,0
,,1,0.38263694044838553,0
,,0,-1.022844126368966,0
,,0,1.9483111743982782,0
,,0,0.37301375654630853,0
,,1,0.11403550065223936,0
,,1,-0.12950504681579722,0
,,0,0.15287214856759965,0
,,1,-0.3356772831823296,0
,,1,-1.2387730521828024,0
,,1,0.11476041049446813,0
,,1,-0.536108669519057,0
,,1,0.12845458231712661,0
,,0,0.21619044509276863,0
,,1,-0.015006342498140238,0
,,0,0.9156456180607053,0
,,0,-1.0023305568674927,0
,,1,-0.7213779668640425,0
,,0,0.9846040425458815,0
,,1,0.6098228884184849,0
,,0,-0.23557150850413877,0
,,1,0.0655606718703844,0
,,1,1.621971399579794,0
,,0,0.2271675754963093,0
,,1,-0.5024402148706165,0
,,0,-0.6947920267506341,0
,,0,-0.9821182128199347,0
,,1,-0.9610401822919575,0
,,1,-0.9210092299695238,0
,,0,-1.127535072524504,0
,,0,-0.17133965857751038,0
,,1,1.4820730930390995,0
,,1,0.17379911970523157,0
,,0,-0.32955958566655297,0
,,0,0.6855425545810269,0
,,1,0.6142719159036011,0
,,1,0.05396865920442939,0
,,0,0.17751182929224069,0
,,1,1.1953049345442426,0
,,0,1.5568428254688682,0
,,1,-0.6429512395544131,0
,,0,-0.4756040986886081,0
,,1,0.7203196683582754,0
,,0,-0.7975330306124406,0
,,0,0.8335461513398462,0
,,0,-1.0092007194182036,0
,,1,-1.3949211758554407,0
,,1,-0.1638939645882868,0
,,1,0.5333559301846837,0
,,0,-0.10541034507348036,0
,,0,0.7641749528706514,0
,,0,1.406848857710507,0
,,1,-2.120581342025738,0
,,1,-0.9013148881474498,0
,,1,1.0533491689179217,0
,,1,0.26424214248772315,0
,,0,0.7230014088018452,0
,,0,-0.2551169625044359,0
,,1,0.5277231185353871,0
,,0,0.8567900282112497,0
,,0,-1.9943607474836307,0
,,0,0.41234147217454015,0
,,1,0.7279754330226239,0
,,0,-0.04467012463968463,0
,,1,-1.534295085857936,0
,,0,1.2006819278805536,0
,,1,0.5339469826515656,0
,,1,-0.48906440607702806,0
,,1,-1.038301741026856,0
,,1,-0.6622167290344673,0
,,1,-0.41441036124164327,0
,,0,-0.30729998643977496,0
,,0,1.007213344345717,0
,,0,0.724545483995416,0
,,0,0.8788480318367952,0
,,0,1.5124164198408605,0
,,0,-1.121278002194958,0
,,0,-0.4124577735346399,0
,,0,1.4459552666104956,0
,,1,-0.18425377427010653,0
,,1,0.9725946499812513,0
,,0,0.7712462160996764,0
,,1,-1.0782534493823241,0
,,1,0.503093280364633,0
,,0,-0.3819565216219662,0
,,0,-0.29635577339244407,0
,,1,-1.078040595616286,0
,,0,0.35984035191245606,0
,,1,-1.4731551259559794,0
,,1,-1.0602654643618727,0
,,1,-0.8744921311326134,0
,,1,0.40870857727921883,0
,,0,0.34458907321880916,0
,,0,0.9364297085013464,0
,,1,-0.7684285199480917,0
,,1,0.39767718862236395,0
,,1,0.6301596549268316,0
,,1,-0.29553048542639127,0
,,0,-0.17078034873691947,0
,,0,0.5796383175691862,0
,,0,-0.8737062468040798,0
,,0,-1.9393465352780543,0
,,0,-0.628687130124918,0
,,1,0.26373323957128986,0
,,0,0.722310761759029,0
,,1,1.009797877601997,0
,,1,-0.3657262274545351,0
,,0,0.938783033640526,0
,,0,-0.06247919029825982,0
,,1,-1.6693877334796967,0
,,0,1.1065574040081687,0
,,0,-0.3768124391299188,0
,,0,-0.7215342964492008,0
,,1,0.6635578623944168,0
,,0,1.139527135770928,0
,,0,-1.055676881816878,0
,,1,-0.6988275599513638,0
,,0,-1.2913510700866841,0
,,1,-1.0816261899440487,0
,,1,0.06542050109379252,0
,,1,-1.4491144705509653,0
,,1,-0.3655883471440627,0
,,0,1.2329180200647183,0
,,0,-0.8818107079699526,0
,,0,-0.9119865893993953,0
,,0,0.4639338125849994,0
,,0,-0.030262867917537604,0
,,1,-0.11028878472845907,0
,,0,0.3788302799032486,0
,,1,-0.6379391733852305,0
,,0,-2.6221007916255936,0
,,1,-1.3348672802919421,0
,,0,-0.45479350965061294,0
,,0,0.13914943878543676,0
,,1,-1.5691936906242612,0
,,1,-1.0759517236605287,0
,,0,-1.1130272982549267,0
,,1,0.14682827615742722,0
,,1,0.1430016855697993,0
,,0,0.9882025334949947,0
,,0,-0.5017332193998408,0
,,1,-0.20387685053879256,0
,,0,0.8642744772873401,0
,,0,-0.6361980082658607,0
,,0,-0.13625264853849506,0
,,0,-0.6018072678378197,0
,,1,-0.2332535163170157,0
,,0,0.65471383374218,0
,,1,0.7718662990740185,0
,,0,-1.1243821072565534,0
,,1,0.15419485075232842,0
,,0,0.994678527879484,0
,,0,-0.17634868112289548,0
,,0,0.4984193270902728,0
,,1,-0.4640134261628634,0
,,0,-0.9381844769684498,0
,,1,-0.39450699671231826,0
,,1,0.647433853383863,0
,,0,0.2878883847241608,0
,,1,1.0673912014856632,0
,,1,-0.28383916436350587,0
,,0,0.0054843756087425526,0
,,0,0.9951793861603687,0
,,1,-0.27890461413941325,0
,,1,-0.28007821798105526,0
,,0,-0.008314029994683106,0
,,0,-0.5362586083255295,0
,,0,-1.5590225347137552,0
,,0,1.0964743024871453,0
,,0,-1.6304860567296313,0
,,0,0.08289959585076219,0
,,1,-0.48175399037179784,0
,,0,1.021300263606009,0
,,1,0.41570228845985446,0
,,0,0.7398191167882736,0
,,0,-1.0956716215720024,0
,,1,0.868067749284969,0
,,0,-0.16682974397240075,0
,,0,-0.83459542444654,0
,,1,-0.3692877932855012,0
,,1,-1.495745159096836,0
,,0,1.5810853841916996,0
,,1,0.011284174304979267,0
,,0,1.116779893625513,0
,,0,0.44581303639943787,0
,,0,0.008852442402303312,0
,,1,-0.4408542707344608,0
,,0,-0.48811479693602067,0
,,1,0.7740129254333991,0
,,0,-0.4255413329391707,0
,,0,-0.7458784814784943,0
,,0,-1.806008932594647,0
,,1,-0.37149890164725324,0
,,0,1.2243755367568914,0
,,0,-0.5964979669659506,0
,,0,-1.1953381865241373,0
,,0,-0.20197617907291737,0
,,1,1.472621222193928,0
,,0,-0.15195895264446654,0
,,1,0.0779564044895359,0
,,0,-1.3562475400755012,0
,,0,-0.417975343739686,0
,,1,1.115932632688003,0
,,0,0.9392012546093244,0
,,0,-0.3219372515858879,0
,,1,0.6217395431983946,0
,,1,1.0515178801146177,0
,,0,0.5017875694529894,0
,,0,-0.9193722459811344,0
,,1,-1.2735663413624703,0
,,0,-0.1620998692109019,0
,,0,1.4682678300154866,0
,,0,1.0746815036719959,0
,,0,-1.7124454778042852,0
,,0,0.9376250623791728,0
,,1,-1.4181094574129878,0
,,1,-0.7872452441554816,0
,,0,1.0804397303207574,0
,,1,0.8644471243857693,0
,,0,1.4134859973420426,0
,,0,0.6251841825495077,0
,,1,-1.3315904706297066,0
,,1,-2.1993847179775297,0
,,1,-0.39984924189407095,0
,,0,1.3911102073549038,0
,,1,1.8468073490483703,0
,,0,-2.2671844806565,0
,,0,2.1534637326466215,0
,,0,-0.11236133816707901,0
,,0,0.703192333657617,0
,,0,-0.08500799530618015,0
,,0,-1.4878159604199421,0
,,0,-1.1310640558929224,0
,,1,-1.271917133609916,0
,,1,0.6125887801807403,0
,,1,-0.06005203343269005,0
,,0,-0.031759363517832685,0
,,0,0.45137276319932007,0
,,1,0.7313026320971181,0
,,1,1.4463022393911587,0
,,0,-1.024248092090922,0
,,1,-0.4264560545472171,0
,,0,-0.9092748096385473,0
,,0,-1.0005185959144716,0
,,0,0.8933000421331727,0
,,0,-1.1182233110518305,0
,,1,0.21084077284992161,0
,,1,-0.3547384627147064,0
,,0,-0.7593117563363275,0
,,1,0.5866673531712574,0
,,1,0.6201142803443683,0
,,0,-0.4472100401540746,0
,,0,0.8059405180830218,0
,,1,0.02943017092610285,0
,,0,-0.7633025360296704,0
,,0,-0.552222317820359,0
,,1,-0.8862055887033792,0
,,0,-0.7347777629485621,0
,,1,-0.35590135753992946,0
,,0,1.5433872040541972,0
,,1,0.20463900060211457,0
,,1,0.9778762378238003,0
,,1,0.7305266418222309,0
,,1,0.6713173767472577,0
,,1,0.2188519664196098,0
,,1,-0.23581013782129495,0
,,1,1.6367443092087748,0
,,0,-1.7999422497270199,0
,,0,-0.34668859977834715,0
,,0,0.29473723504208643,0
,,0,-1.0383662632426143,0
,,1,1.609117641432359,0
,,0,-1.372117225246638,0
,,0,-0.44088728966243684,0
,,0,1.4413662527853275,0
,,0,-0.6161320341041884,0
,,1,-0.38427911261351777,0
,,0,-0.9129224481707063,0
,,0,0.2662688680362075,0
,,1,-0.7746217621156237,0
,,0,1.266177432643877,0
,,0,0.07309018728500705,0
,,0,0.4450847583983225,0
,,1,1.3827818741157294,0
,,0,0.3724715670279427,0
,,0,-0.4216954494388746,0
,,0,-0.2186520340000965,0
,,1,-0.5111365041358156,0
,,0,0.8077353878135707,0
,,1,0.8939939342125874,0
,,1,1.36204232493674,0
,,0,0.2957479795764016,0
,,0,0.47076791654734473,0
,,0,-0.295193030610793,0
,,1,0.1523349149341222,0
,,0,1.3932290761504178,0
,,0,0.03343672758787447,0
,,0,0.1433005087465744,0
,,1,-0.9258180034949793,0
,,1,0.18866791423428333,0
,,0,0.3309398303221432,0
,,1,0.6221141101566662,0
,,1,-0.39246162196966927,0
,,0,1.4845400302269762,0
,,0,0.8102124856387415,0
,,0,-1.7603278872763883,0
,,0,-0.5983871320393154,0
,,0,0.14572374251028208,0
,,0,0.6778669730576163,0
,,0,0.2983966724285907,0
,,1,0.7755395247095269,0
,,0,-0.32815527218636836,0
,,1,0.8658974948739737,0
,,1,0.48010442525330316,0
,,0,0.599245186739885,0
,,0,0.5886748675568141,0
,,0,2.0768383972392903,0
,,0,0.21275502748067776,0
,,0,0.24892660608629547,0
,,1,-0.6083003104355624,0
,,0,-0.9167073687315116,0
,,1,0.7915616861975487,0
,,1,1.992218695117421,0
,,0,0.12883220943166596,0
,,0,-0.952581587282393,0
,,0,-0.49655948714660325,0
,,1,0.6956804774878234,0
,,1,0.891100301542454,0
,,0,-2.2242360393805596,0
,,0,0.5005118578431716,0
,,0,1.4547132514851175,0
,,0,1.3224312218231358,0
,,1,-0.5180874956556715,0
,,0,0.39220970205424155,0
,,0,-1.2728903707156993,0
,,1,0.3377309925541211,0
,,0,-0.6274940238283326,0
,,0,-0.19190277205714049,0
,,1,-0.1305611773758137,0
,,0,0.13985020084592664,0
,,1,1.3141997154887186,0
,,0,-0.1999522580625441,0
,,0,0.10338451981784436,0
,,0,1.469223958878246,0
,,1,1.65719729470781,0
,,0,0.007317139063695795,0
,,0,-0.26764579082439444,0
,,0,0.024149621257351882,0
,,0,-0.35979720567430923,0
,,0,-1.1211131496707525,0
,,0,0.6042284303242936,0
,,1,0.6799915498619287,0
,,0,0.3976052529505285,0
,,0,0.1900923444642265,0
,,0,0.730581308081303,0
,,0,1.2208344243806952,0
,,0,0.5986383257044197,0
,,0,-0.5519904662087228,0
,,1,-0.7352846569014597,0
,,1,0.05316125098728246,0
,,0,1.584627681234511,0
,,1,-0.02223764925973357,0
,,0,0.6394431142347531,0
,,1,-1.0544514940909708,0
,,1,-0.48660243050405977,0
,,0,-0.9414774107982116,0
,,0,0.6229695745527983,0
,,1,-0.23721357632135423,0
,,1,-0.7390100974422479,0
,,0,0.40076120508474644,0
,,1,1.9464352864933157,0
,,0,1.052438008847761,0
,,1,-1.458626733251511,0
,,1,-0.018336403205867866,0
,,0,-0.026213112415913033,0
,,1,0.9948814361957543,0
,,1,-0.5339634106377299,0
,,1,-0.6765027461762978,0
,,1,-0.8380702203057977,0
,,0,-1.0481502960230178,0
,,1,-0.19531246013601608,0
,,1,-0.026425594798598826,0
,,0,0.8675107926677592,0
,,1,0.9938278620043024,0
,,0,-0.5196110257889922,0
,,0,0.5142196141379924,0
,,0,-0.5918308116086783,0
,,0,1.7532371072435808,0
,,0,-0.2716335153394408,0
,,1,-0.1554801031727677,0
,,1,-0.2349934747315211,0
,,0,0.26746458687599767,0
,,0,-0.40397710330443387,0
,,1,0.9413000380810257,0
,,0,-0.34245165453599785,0
,,0,0.30200977245769545,0
,,0,-0.02754393473857074,0
,,1,-0.7304044042631167,0
,,0,-0.2640912806036665,0
,,0,0.3340284860434702,0
,,1,-1.2009763307297998,0
,,0,1.1006848959150684,0
,,1,0.05494056434698956,0
,,0,1.4270195205724208,0
,,1,-0.5086809237188574,0
,,0,-0.7796484160736957,0
,,0,-0.08285841169343933,0
,,1,1.2586945670445953,0
,,1,-2.374568907325068,0
,,1,2.163179467572697,0
,,0,-1.3069508097801648,0
,,0,-0.19869270632298056,0
,,1,-0.256046040130952,0
,,0,0.9059643858825935,0
,,0,0.7109405448384098,0
,,0,-0.5848701220302049,0
,,0,1.1435231734054119,0
,,1,0.970324288039455,0
,,0,1.080598648806497,0
,,1,0.7184972807986195,0
,,0,-1.041079676776546,0
,,0,1.2043504750487088,0
,,0,0.7512766594928239,0
,,0,-0.6920813209931092,0
,,0,0.9312603981653169,0
,,0,-0.04325530547702138,0
,,1,-1.2863977474431474,0
,,0,-0.08554419201537637,0
,,0,-0.4649388672466247,0
,,0,0.458697435241419,0
,,0,-0.47047259102165256,0
,,1,0.30946808198853004,0
,,0,0.857050837073561,0
,,1,-0.7189016283467705,0
,,0,0.5287633908817002,0
,,0,-0.9365141256254539,0
,,1,1.0241406073040003,0
,,1,0.17455985792260248,0
,,0,0.2292026657041578,0
,,0,-0.5564600491139535,0
,,0,0.14526398692071463,0
,,0,1.3713013447337798,0
,,0,0.22380308557540365,0
,,1,0.345963382017136,0
,,0,-0.7564965118335509,0
,,1,-0.9780639896054732,0
,,0,-0.5473747763920255,0
,,0,0.6172074618777554,0
,,1,-0.5715047954819353,0
,,1,0.2098224629445362,0
,,0,-0.27772334830690654,0
,,0,-0.42929701071547427,0
,,0,0.49511457499310524,0
,,0,-0.5892216493682464,0
,,1,0.29399705782528773,0
,,1,-1.1556686720141556,0
,,0,0.2861924494725131,0
,,0,1.295135635896857,0
,,0,1.7202220421223922,0
,,1,-0.24286600162884117,0
,,1,-0.3677844436573503,0
,,0,0.2367298821897172,0
,,0,-1.0414835599655876,0
,,0,0.4140156176578718,0
,,1,-1.5050434557066061,0
,,0,-0.7209620960226156,0
,,0,1.5810383300699293,0
,,0,1.0756270435432056,0
,,0,-0.7273306693893853,0
,,0,-1.3250645701583972,0
,,1,0.17014222502194032,0
,,0,0.8349538703551702,0
,,0,-0.7166379414358949,0
,,0,1.1116686134472251,0
,,0,1.35961187627876,0
,,1,0.5555698650317683,0
,,0,0.8082007928565569,0
,,0,-1.950000378197043,0
,,0,-0.804646994335162,0
,,1,-2.6648349478990836,0
,,0,1.7276153205107416,0
,,0,-1.4473668693226207,0
,,0,0.6186581642709512,0
,,0,0.024381441370588827,0
,,0,0.9767506950127106,0
,,0,0.14644461907023942,0
,,1,0.6161851044627371,0
,,0,-0.2922697057357689,0
,,1,0.7834550981475994,0
,,1,0.6887497231222094,0
,,0,-0.3926835633761412,0
,,1,-0.6892180197627991,0
,,0,-0.661866362078392,0
,,0,0.3421490011210226,0
,,1,-0.5987629434499783,0
,,0,0.21730595852008086,0
,,0,-0.39142701259884716,0
,,0,-1.3314924457074961,0
,,1,-0.8549592504577789,0
,,0,0.15634662188732218,0
,,1,0.6050839119097194,0
,,1,-0.19304664554243833,0
,,1,-0.5255743776838685,0
,,1,0.5452394548382793,0
,,0,0.8062844715649194,0
,,1,0.11823720036174006,0
,,0,1.9484653223047586,0
,,1,-0.8976696825311983,0
,,0,0.0894782830292192,0
,,0,0.19149662865940184,0
,,0,-0.7431157653049348,0
,,1,-1.2637585929476252,0
,,0,0.724692469241803,0
,,0,-0.4406187523969354,0
,,0,0.3462445280168551,0
,,0,-0.19220930485805496,0
,,0,0.36292688447402216,0
,,0,-0.9198114224127658,0
,,1,0.5256283312870502,0
,,0,-0.5582700354888133,0
,,0,0.7532440983022284,0
,,1,1.2889805947463155,0
,,0,0.03479773532625847,0
,,0,-0.2476048037346197,0
,,1,-0.49677079600119395,0
,,1,-0.07486111370850103,0
,,1,-0.7396696898563809,0
,,0,-0.89187311559208,0
,,0,0.6671862448922912,0
,,0,-0.19124847928875663,0
,,1,0.4852167128574613,0
,,0,-1.1668924194186339,0
,,0,-0.8293552720099421,0
,,0,-0.8181566938753798,0
,,0,-0.040591267223731284,0
,,0,-0.07019281327836992,0
,,0,1.1229221234922246,0
,,1,-1.0367361058412317,0
,,1,0.5849924302389825,0
,,0,0.9662619040487728,0
,,1,-1.246429160343794,0
,,0,-0.7534965627833642,0
,,1,-1.1568393967206911,0
,,1,-0.28809358207722596,0
,,1,0.12870818588090477,0
,,0,0.4748030180371793,0
,,1,1.4838808056609094,0
,,0,-0.14617604054615435,0
,,0,0.12944989715498445,0
,,1,0.2955359158454958,0
,,1,0.716020777780907,0
,,0,0.19726484115866685,0
,,0,-0.9706147036872858,0
,,1,0.9967386075900116,0
,,1,-1.4864983934188705,0
,,1,0.5279358897477172,0
,,0,-0.7562495680085055,0
,,0,0.9963614763007509,0
,,1,-1.1369060150025816,0
,,1,-0.3734025044281062,0
,,0,-0.10729727110196087,0
,,1,0.012178631770697567,0
,,0,-1.0031980197891068,0
,,1,0.019671810646418857,0
,,0,0.002941791977066059,0
,,0,1.3948686630020324,0
,,0,-0.012236894935104922,0
,,0,-1.302499155935963,0
,,1,-0.32064508049737606,0
,,0,0.5831389951365732,0
,,1,-1.6334154180216307,0
,,0,-0.002199560521253246,0
,,0,0.9566854403798353,0
,,1,-0.40327682179404495,0
,,0,0.14392337848121528,0
,,0,0.08370434777920088,0
,,0,-0.31011138168670394,0
,,0,0.18528724377216974,0
,,1,0.5384973426033192,0
,,0,0.08121170311383641,0
,,1,0.17262970866336422,0
,,0,0.7110931319446753,0
,,0,-0.8410958119575508,0
,,0,0.8550976673308215,0
,,1,0.6823532790892886,0
,,1,0.3996890188946223,0
,,0,0.1265899675941151,0
,,1,0.65688806861697,0
,,1,-0.5416187551381783,0
,,0,-0.42705056598669316,0
,,0,0.5657992024584546,0
,,0,0.6825339186769775,0
,,0,0.6103809779969118,0
,,1,0.40368008875330996,0
,,0,0.2489354162284974,0
,,0,0.12112283909969006,0
,,0,-0.3114164748228276,0
,,0,0.9173345587458085,0
,,1,-1.43512676076798,0
,,0,0.3656343895471253,0
,,0,-0.9526530162209496,0
,,1,0.3045372820048633,0
,,1,-1.7328493590482434,0
,,0,-0.46562808191322824,0
,,0,0.4569721100065568,0
,,0,-1.1018213418239606,0
,,1,0.9074734132482479,0
,,1,-1.2297953324764237,0
,,0,-0.9621460134826296,0
,,1,-1.6391680436472955,0
,,0,0.9461515349079027,0
,,1,0.11929574470089833,0
,,1,1.1758871860330822,0
,,0,-0.7654733746201329,0
,,1,0.05057688499157589,0
,,1,0.6764158789546814,0
,,0,0.6832130027924369,0
,,1,-1.1468467898023833,0
,,0,-0.4590120971764652,0
,,1,-0.17619506406142954,0
,,0,0.9119341689865448,0
,,0,-0.6382677598307592,0
,,0,0.6426364995973164,0
,,0,-0.18976221017098124,0
,,0,-0.17771414836221294,0
,,1,0.2627810969891156,0
,,0,-0.8084624706876026,0
,,1,-0.9380042894562591,0
,,1,-0.911703089954246,0
,,0,1.038120269977838,0
,,0,-0.49997625356862513,0
,,0,-1.4670805822255482,0
,,0,-0.8120497239374251,0
,,1,-1.5185374646099756,0
,,1,1.0430830313063912,0
,,1,0.7609445478967791,0
,,0,-0.23565120379501422,0
,,1,-0.42230903517120677,0
,,0,-0.17223146838271733,0
,,1,0.08795621265551588,0
,,0,0.08578915526355849,0
,,1,-0.35514274737797724,0
,,0,-0.7218611781796959,0
,,0,1.2529903542952774,0
,,0,0.5714757251135225,0
,,0,0.44319713639581754,0
,,0,-1.9595265101357662,0
,,0,-0.856923362498147,0
,,0,1.2706882860112387,0
,,1,0.7570239192896029,0
,,0,-1.2639182105954685,0
,,1,-0.4283407078902482,0
,,0,0.33383292887593397,0
,,1,-1.215459580364413,0
,,0,1.6984633647135918,0
,,0,1.5101593381716927,0
,,0,0.5235464460452577,0
,,1,1.0837222538536153,0
,,1,0.497619303410861,0
,,0,-0.44242581191122854,0
,,1,-1.2074665603039982,0
,,0,-0.975873083682418,0
,,1,-0.7691168827409145,0
,,0,0.3302775232246254,0
,,1,0.7237301133864109,0
,,1,0.22630515098393442,0
,,1,0.014343635524120378,0
,,1,-0.34346898233345824,0
,,1,0.29971845278273024,0
,,0,-0.9102056144914522,0
,,0,0.964605073424058,0
,,1,0.8042820611641582,0
,,0,-1.598947402941539,0
,,0,-0.1606998036386199,0
,,1,0.46519863488558943,0
,,1,-0.08899313362334448,0
,,0,0.48988344887138574,0
,,0,-0.39212211724599627,0
,,0,0.17282558325635602,0
,,0,0.7827230047853703,0
,,1,-1.1118829725737758,0
,,1,-1.3016339288135246,0
,,0,0.8540223942968828,0
,,0,-0.3765057697022584,0
,,1,-0.5385353617674808,0
,,0,-0.060128842294852346,0
,,0,-0.39122876642425114,0
,,1,-0.6190069032963819,0
,,0,0.2637540143250509,0
,,0,-1.4023545104941053,0
,,0,1.3289578308601848,0
,,1,-1.8042642420817867,0
,,0,0.594913340183517,0
,,1,-0.4555425255259646,0
,,0,-0.9636045570527813,0
,,1,-0.705277930611574,0
,,0,-0.28297399582039734,0
,,1,0.30245327803689837,0
,,0,-0.6804021236276623,0
,,1,-1.7226264493837369,0
,,0,1.380847030544804,0
,,1,-2.1866200635159476,0
,,0,-0.9911054473696748,0
,,0,-0.6893561706705175,0
,,0,0.506320302313647,0
,,0,0.18249984081379114,0
,,1,1.0352101065493178,0
,,0,0.5640185930225647,0
,,1,1.6899119890539922,0
,,0,-0.46823029367546454,0
,,0,0.7233923263591949,0
,,0,0.9113080408977979,0
,,0,-0.4021862285476122,0
,,1,1.5636776397185685,0
,,0,-0.9645199944853221,0
,,1,-0.40250872364769513,0
,,1,2.4858489476532424,0
,,1,0.5138453940934122,0
,,1,0.9423364690077347,0
,,0,0.15948192911177253,0
,,0,-1.3802046459166992,0
,,1,1.044963502794845,0
,,0,-0.7249260343366152,0
,,0,0.00018591554683416558,0
,,1,0.7740390942761726,0
,,0,-0.7765286548814111,0
,,1,-0.23764811407599493,0
,,0,0.1628719928430801,0
,,0,-0.16402548861762986,0
,,1,1.0101532485988893,0
,,0,0.6145960396034118,0
,,0,-1.7054649901749233,0
,,0,-0.46476926105916727,0
,,1,0.12073280655084073,0
,,0,-0.06930321446168299,0
,,0,-0.00636063315654742,0
,,0,0.6328359144817489,0
,,0,-1.3327809342797239,0
,,0,-0.38767480144233557,0
,,0,-0.6712049006974443,0
,,1,-0.5532428102504705,0
,,1,-0.8318420707147027,0
,,0,1.5150570533566543,0
,,1,-0.7499824773361189,0
,,1,-1.4619016255299404,0
,,0,-0.39954574882220617,0
,,0,0.057549791673174415,0
,,1,-0.3959469552857196,0
,,1,0.264586049659549,0
,,1,0.3949133479639271,0
,,0,0.0692048325681411,0
,,0,-0.5047232779695129,0
,,0,-1.2682730257557997,0
,,0,-0.14511761549683325,0
,,1,-0.8590959077849605,0
,,0,0.726196971298985,0
,,0,-0.449597448600082,0
,,0,-1.51584483147676,0
,,1,0.26211352218892,0
,,0,-0.09870978602494393,0
,,0,1.342627693442778,0
,,0,-1.3623256706827354,0
,,0,-0.11684602317303588,0
,,0,-0.8933579599526242,0
,,0,0.8740652294335708,0
,,1,0.620331549669347,0
,,1,1.1444393498150067,0
,,1,-0.43863893892753203,0
,,0,-0.7776819569535846,0
,,0,0.47605455141307695,0
,,1,0.18526561184659207,0
,,0,-0.19190533840602336,0
,,0,0.8110318123501868,0
,,0,0.14947038367281013,0
,,1,1.702694583422983,0
,,1,1.7269540330061208,0
,,0,-1.2111030675220027,0
,,1,0.20269040357557305,0
,,0,0.25922305214374664,0
,,1,-1.1289617403781884,0
,,0,1.96308186384766,0
,,1,1.7044260238547657,0
,,0,0.9757331726958486,0
,,0,-0.3353770462547237,0
,,0,1.1429178796825974,0
,,0,-0.28689821472143595,0
,,0,-0.6394984981822215,0
,,1,-1.305742370647984,0
,,1,1.6294749130676955,0
,,0,1.061366280130031,0
,,1,0.46963679769911065,0
,,0,1.336000784957724,0
,,0,0.5560654286008897,0
,,1,-0.20539712322653633,0
,,1,0.45400596807093085,0
,,0,-0.20315489377570786,0
,,0,-1.0801024968310442,0
,,1,-1.073457891333826,0
,,1,0.43084970617234003,0
,,1,0.5365352697422318,0
,,0,0.05815506736312176,0
,,1,0.40930254968237195,0
,,1,-1.4074795827108484,0
,,0,0.14231156353932073,0
,,0,-0.0899523623103244,0
,,0,-0.21026618512215572,0
,,0,0.022197417432883428,0
,,0,-0.19232548655989368,0
,,0,0.46473846981093575,0
,,0,0.08020551535985308,0
,,0,-1.42504888764475,0
,,0,-0.459605818197679,0
,,1,-0.816780389418445,0
,,1,0.5080305758549687,0
,,0,-0.09974035329133435,0
,,1,0.6986094150573028,0
,,0,0.4533269065959991,0
,,1,2.0572850563256453,0
,,1,-0.7518955925308651,0
,,0,2.3932448637589525,0
,,0,-0.011116156198783426,0
,,1,0.41741038682784,0
,,0,-0.38980166761010976,0
,,1,-0.5470624770574091,0
,,0,-0.06786158083267262,0
,,0,0.030752921542429222,0
,,1,-1.1283932846286688,0
,,0,-0.9311537998257082,0
,,1,-0.5598502575551721,0
,,1,-0.1957088665097877,0
,,0,-0.5295954043364621,0
,,0,0.5244813963915953,0
,,0,-0.6743685148885722,0
,,1,-0.1439230613233351,0
,,0,0.8457021485734796,0
,,0,0.26405662917111444,0
,,0,0.3298640118980947,0
,,1,-0.9442188412948882,0
,,1,0.4208143879740443,0
,,1,0.8590260378973381,0
,,1,-0.7745762852069891,0
,,1,0.5687230982980036,0
,,0,-0.7132077381817707,0
,,1,-0.4371631589716618,0
,,0,-1.0028866238947907,0
,,0,0.4527615245142282,0
,,1,0.5310595764859732,0
,,1,-0.042549661618560046,0
