A,L,B_true,C_true,M2,M3,B,C,id
0,0.321,0,0,0,0,0.0,0.0,46339
0,-0.601,0,0,0,0,0.0,0.0,49626
0,0.64,0,1,0,0,0.0,1.0,86432
1,-1.178,1,1,0,1,1.0,,18101
0,-0.685,0,1,0,1,0.0,,71022
0,-1.382,0,0,0,0,0.0,0.0,19080
0,0.252,0,1,0,0,0.0,1.0,43552
1,-1.491,1,1,1,1,,,90171
1,1.5019999999999998,0,1,0,1,0.0,,31903
0,-0.055,1,0,0,1,1.0,,92511
0,0.991,1,0,0,1,1.0,,11860
0,1.91,0,0,0,0,0.0,0.0,30942
1,1.218,1,1,0,1,1.0,,29169
0,-0.637,1,1,0,1,1.0,,4924
0,0.5329999999999999,0,0,0,1,0.0,,8234
0,0.725,1,1,0,1,1.0,,54887
1,0.7929999999999999,1,0,0,1,1.0,,72493
1,-1.806,1,1,0,1,1.0,,49736
0,-0.5710000000000001,1,1,0,1,1.0,,85474
1,0.639,0,1,0,0,0.0,1.0,89744
1,-0.584,1,0,0,1,1.0,,705
0,-0.472,0,0,0,1,0.0,,38400
0,0.637,0,0,0,0,0.0,0.0,32808
1,0.413,0,0,0,0,0.0,0.0,1676
0,1.399,1,1,0,1,1.0,,85036
0,0.638,1,1,0,1,1.0,,19487
0,-0.221,1,1,0,1,1.0,,15709
0,-0.39,1,1,0,1,1.0,,327
0,-0.83,0,0,0,1,0.0,,70501
0,-0.6829999999999999,1,1,0,1,1.0,,89986
0,-0.374,1,1,0,0,1.0,1.0,97587
0,0.33,0,1,0,1,0.0,,60404
0,0.39,0,0,0,1,0.0,,10075
0,1.646,0,0,0,0,0.0,0.0,37418
0,0.856,0,0,0,1,0.0,,43622
1,-0.189,0,0,0,1,0.0,,33667
0,-1.751,0,1,0,0,0.0,1.0,89810
1,0.498,0,0,1,1,,,30889
1,-0.237,0,0,0,0,0.0,0.0,86750
1,0.159,1,1,0,1,1.0,,11171
0,-0.33,1,1,0,1,1.0,,29951
1,0.21600000000000005,1,1,0,1,1.0,,87213
1,0.071,1,0,1,1,,,72788
1,-0.595,0,1,0,1,0.0,,29007
0,1.189,1,1,0,1,1.0,,50300
0,-0.041,1,1,0,1,1.0,,27718
0,0.041,0,0,0,1,0.0,,60978
0,0.539,1,1,0,1,1.0,,4280
0,0.451,0,0,0,1,0.0,,17751
1,-1.413,0,0,1,1,,,20940
0,-0.11,0,1,0,0,0.0,1.0,35882
1,0.314,1,0,0,1,1.0,,96400
0,-0.941,1,1,0,1,1.0,,49447
0,-0.239,0,1,0,0,0.0,1.0,71383
0,0.008,0,0,0,0,0.0,0.0,30861
0,-0.493,0,1,0,1,0.0,,6085
1,1.6869999999999998,0,0,0,0,0.0,0.0,76960
0,-0.139,1,0,0,1,1.0,,78454
0,2.241,0,1,0,1,0.0,,5455
0,-0.411,1,1,0,1,1.0,,87051
0,1.462,0,1,0,1,0.0,,98087
1,-1.2990000000000002,1,1,0,1,1.0,,70789
0,-1.132,0,0,0,1,0.0,,1431
1,-0.059,1,1,1,1,,,65829
1,-0.612,1,1,0,1,1.0,,60335
0,0.626,0,1,0,0,0.0,1.0,21359
0,1.38,0,1,1,1,,,44701
0,0.368,0,0,0,0,0.0,0.0,10342
1,-0.312,0,0,0,0,0.0,0.0,45026
1,-1.36,0,1,0,1,0.0,,62845
1,1.883,0,1,0,0,0.0,1.0,84322
1,1.3090000000000002,0,0,0,0,0.0,0.0,36106
1,0.461,0,1,0,1,0.0,,56752
0,-0.126,0,1,0,1,0.0,,90958
0,-0.912,0,0,0,1,0.0,,67420
1,1.787,0,0,0,1,0.0,,53751
1,0.271,0,1,0,0,0.0,1.0,54329
0,1.0490000000000002,1,1,0,0,1.0,1.0,16333
1,-1.169,1,1,0,1,1.0,,80088
0,-1.321,0,0,0,1,0.0,,82360
0,-0.486,1,1,0,1,1.0,,9266
0,1.168,1,1,0,1,1.0,,17199
1,-1.843,0,0,0,1,0.0,,97962
1,-0.906,1,1,0,1,1.0,,49006
0,0.267,0,0,0,1,0.0,,49789
0,-0.873,1,1,0,1,1.0,,34303
0,0.25,0,0,0,0,0.0,0.0,26837
0,0.09,0,0,0,0,0.0,0.0,17717
1,-0.051,0,0,1,1,,,90957
0,1.659,1,0,0,1,1.0,,91577
1,1.117,0,0,1,1,,,49296
0,0.434,0,0,1,1,,,41024
1,1.085,1,1,0,1,1.0,,5827
0,-0.362,1,1,0,1,1.0,,74994
1,-0.277,1,1,0,1,1.0,,75442
1,0.994,0,0,0,0,0.0,0.0,11398
0,-0.731,1,1,0,1,1.0,,22383
0,0.206,1,1,0,1,1.0,,28203
0,-0.615,1,1,0,1,1.0,,45333
1,0.419,0,0,0,1,0.0,,61231
1,0.326,1,0,0,1,1.0,,8984
0,-1.3019999999999998,1,1,0,1,1.0,,63949
0,-0.03,1,1,0,1,1.0,,70484
1,-1.856,1,0,0,1,1.0,,8887
0,-0.8590000000000001,0,0,0,1,0.0,,37325
0,0.319,0,1,0,1,0.0,,63929
1,1.751,0,0,0,1,0.0,,99593
1,1.395,1,1,0,1,1.0,,14917
0,0.369,1,0,0,1,1.0,,83813
1,0.7,0,1,0,0,0.0,1.0,69176
1,2.365,1,1,0,1,1.0,,13447
1,-0.74,1,1,0,1,1.0,,37734
0,0.151,1,1,0,1,1.0,,91154
1,-0.057,1,1,1,1,,,46523
1,0.078,1,0,0,1,1.0,,24402
1,-0.159,0,0,0,0,0.0,0.0,29607
0,-0.279,0,0,0,0,0.0,0.0,47030
0,0.226,0,1,0,1,0.0,,67851
0,-1.074,0,1,0,0,0.0,1.0,73602
0,0.035,1,1,0,1,1.0,,62482
0,-1.267,1,1,0,1,1.0,,22449
0,0.322,1,0,0,1,1.0,,97295
0,-0.523,0,0,0,1,0.0,,20317
1,0.7959999999999999,0,0,0,1,0.0,,27467
1,-1.935,0,1,0,1,0.0,,16320
0,0.006,0,1,0,1,0.0,,93094
0,0.034,1,1,0,1,1.0,,6033
0,-0.097,0,1,0,1,0.0,,28302
0,0.207,0,1,0,0,0.0,1.0,61526
0,-0.51,1,0,0,1,1.0,,87735
0,1.075,0,0,0,0,0.0,0.0,70023
0,1.083,1,1,0,1,1.0,,63605
0,-0.593,0,0,0,1,0.0,,39076
1,-1.471,0,1,1,1,,,27819
1,0.608,0,0,0,0,0.0,0.0,62216
0,-0.037000000000000005,0,0,0,1,0.0,,75479
0,0.153,1,0,0,1,1.0,,81547
0,0.114,1,0,0,1,1.0,,92459
1,-0.049,0,1,0,0,0.0,1.0,91032
0,-0.03,1,1,0,1,1.0,,38453
1,-0.305,0,1,1,1,,,4166
1,0.145,0,0,0,1,0.0,,89761
1,1.517,0,1,1,1,,,35169
1,0.142,0,1,0,0,0.0,1.0,40873
0,-0.129,0,0,1,1,,,78430
0,0.728,1,1,0,1,1.0,,58476
0,0.272,1,1,0,0,1.0,1.0,4156
0,-0.7120000000000001,1,1,0,1,1.0,,87689
0,-0.305,1,1,1,1,,,10478
1,0.024,0,0,0,1,0.0,,6510
1,-0.947,0,1,0,0,0.0,1.0,74808
0,-0.173,1,1,0,1,1.0,,37169
0,0.127,1,0,0,1,1.0,,49914
0,-0.5770000000000001,0,0,0,1,0.0,,12148
1,2.6210000000000004,1,1,0,1,1.0,,56150
0,1.862,0,0,0,1,0.0,,89542
0,-0.135,1,0,0,1,1.0,,8136
0,-0.792,0,0,0,1,0.0,,33636
0,0.298,1,1,0,1,1.0,,12010
0,-0.985,1,1,0,1,1.0,,3607
0,1.098,1,1,0,1,1.0,,62460
0,-0.8540000000000001,1,0,0,1,1.0,,93863
0,1.307,0,1,0,0,0.0,1.0,149
1,-0.831,1,0,0,1,1.0,,728
1,-0.715,1,1,0,1,1.0,,49034
0,0.821,0,1,1,1,,,92349
1,1.661,1,0,0,1,1.0,,52470
0,1.262,1,1,0,1,1.0,,79772
0,0.157,0,1,0,0,0.0,1.0,97112
1,-0.048,1,1,0,1,1.0,,70740
0,1.648,0,0,1,1,,,26215
1,-1.531,0,0,0,1,0.0,,62010
1,0.449,1,1,0,1,1.0,,44426
0,-1.4509999999999998,1,1,0,1,1.0,,63855
0,-1.048,0,0,1,1,,,98277
1,0.195,0,1,1,1,,,45033
0,0.101,1,1,0,1,1.0,,80234
0,-0.29100000000000004,0,0,0,1,0.0,,76273
0,-0.071,0,0,0,0,0.0,0.0,95378
0,0.65,0,1,0,1,0.0,,16992
1,0.882,0,1,0,1,0.0,,60717
0,0.737,0,0,0,0,0.0,0.0,16890
0,-1.145,1,1,0,1,1.0,,76587
1,-0.424,1,1,0,1,1.0,,38819
0,1.164,0,1,0,0,0.0,1.0,85237
1,-0.325,0,0,0,1,0.0,,8408
1,-0.187,0,1,1,1,,,9107
0,0.954,1,1,0,1,1.0,,30707
0,0.38,0,0,0,0,0.0,0.0,63035
0,0.954,0,1,0,0,0.0,1.0,98327
1,-0.489,0,0,0,1,0.0,,62181
0,0.001,0,0,0,0,0.0,0.0,49838
1,-0.597,1,1,1,1,,,2927
0,-1.056,0,1,0,1,0.0,,95855
0,2.362,1,1,0,1,1.0,,51766
0,3.205,1,1,0,1,1.0,,46726
1,0.815,1,1,1,1,,,15641
0,-0.334,1,1,0,1,1.0,,96705
1,0.945,0,0,1,1,,,63015
0,-0.8390000000000001,0,0,0,0,0.0,0.0,22167
1,-0.299,0,0,0,0,0.0,0.0,84162
1,0.198,0,1,0,0,0.0,1.0,75070
0,0.568,0,1,0,1,0.0,,33846
1,-0.305,1,1,0,1,1.0,,17307
1,-0.987,0,0,0,0,0.0,0.0,33625
0,-0.396,1,0,1,1,,,31514
0,1.574,0,0,1,1,,,41607
0,0.003,0,1,0,0,0.0,1.0,65453
0,-0.309,0,1,0,0,0.0,1.0,71219
1,0.09,0,0,0,0,0.0,0.0,40456
0,0.897,0,0,0,0,0.0,0.0,48890
0,-1.153,0,1,0,1,0.0,,36880
1,-0.14400000000000002,1,0,0,1,1.0,,73282
0,0.698,0,1,0,0,0.0,1.0,95166
0,0.935,0,0,0,0,0.0,0.0,13126
0,1.182,0,0,0,0,0.0,0.0,55239
1,0.649,1,1,0,1,1.0,,57566
0,-0.321,0,0,0,0,0.0,0.0,18827
1,0.019,0,1,1,1,,,96198
1,0.396,1,1,0,1,1.0,,20331
0,-1.113,0,0,0,1,0.0,,86036
0,0.5820000000000001,0,0,0,1,0.0,,65315
1,-1.306,0,1,0,0,0.0,1.0,64993
0,0.35600000000000004,0,0,0,0,0.0,0.0,25917
1,-0.386,1,1,0,1,1.0,,8212
1,-0.958,0,1,0,0,0.0,1.0,21483
0,-0.065,1,1,0,1,1.0,,7528
0,-0.477,0,0,0,1,0.0,,89519
1,1.287,0,0,0,1,0.0,,84228
1,0.287,0,0,1,1,,,2724
0,-1.482,0,0,0,0,0.0,0.0,37151
0,0.879,1,1,0,1,1.0,,41118
0,-0.431,0,0,0,1,0.0,,71783
1,-0.057,1,0,0,1,1.0,,37100
1,0.608,0,1,0,1,0.0,,72857
0,-0.93,0,0,0,0,0.0,0.0,21400
0,-0.11,1,1,0,1,1.0,,94173
1,0.478,1,1,0,1,1.0,,35343
1,-0.329,1,1,1,1,,,7431
1,1.36,1,1,0,1,1.0,,81660
1,-0.3670000000000001,1,0,0,1,1.0,,79483
0,-1.2819999999999998,1,0,0,1,1.0,,41066
1,-0.054000000000000006,0,1,0,1,0.0,,52764
0,-1.787,0,1,1,1,,,26698
0,-1.442,1,1,0,1,1.0,,36609
1,-1.508,0,1,0,1,0.0,,84916
0,0.941,1,1,0,1,1.0,,38567
1,0.464,0,1,0,1,0.0,,25191
0,-0.516,0,1,0,1,0.0,,27526
1,1.609,0,0,0,1,0.0,,1297
1,0.8859999999999999,0,1,0,1,0.0,,36454
1,0.159,0,1,0,0,0.0,1.0,66198
0,0.7759999999999999,0,1,0,1,0.0,,92971
1,-0.22,1,0,0,1,1.0,,71600
0,-0.041,1,1,0,0,1.0,1.0,24913
1,0.629,0,1,0,1,0.0,,40450
0,-0.171,0,0,0,1,0.0,,27227
1,-0.064,0,1,0,0,0.0,1.0,92985
1,-3.419,0,0,0,1,0.0,,71406
1,1.327,0,0,0,1,0.0,,87354
0,1.136,1,1,0,1,1.0,,83203
1,-0.325,1,1,0,1,1.0,,24040
1,-0.585,0,0,1,1,,,56187
0,-1.075,1,0,0,1,1.0,,87127
0,-0.605,0,0,0,0,0.0,0.0,58634
0,1.4269999999999998,0,1,1,1,,,82394
1,-0.015,0,0,0,1,0.0,,77663
0,1.773,0,0,0,1,0.0,,86281
0,1.977,0,0,0,0,0.0,0.0,52608
0,-0.333,1,1,0,1,1.0,,60814
0,0.509,0,0,0,0,0.0,0.0,41787
0,-0.589,1,1,0,1,1.0,,37780
0,-0.593,0,0,0,1,0.0,,67167
0,0.243,1,1,0,1,1.0,,39536
0,-0.718,1,0,0,1,1.0,,57841
0,0.35,0,0,0,0,0.0,0.0,52264
0,-0.505,0,1,0,1,0.0,,79523
0,0.488,0,0,1,1,,,49857
0,-0.297,1,1,0,0,1.0,1.0,76223
0,-0.664,1,1,1,1,,,16317
0,-0.059,0,0,0,1,0.0,,86083
0,0.14,1,1,0,1,1.0,,3401
0,-0.802,0,1,0,0,0.0,1.0,8124
0,-2.46,0,0,0,1,0.0,,10011
1,-0.895,1,1,0,1,1.0,,38721
0,1.031,0,0,0,0,0.0,0.0,36665
0,-0.267,1,1,0,1,1.0,,84934
0,-0.499,1,1,0,1,1.0,,30661
1,-2.16,1,1,0,1,1.0,,10174
0,-2.375,1,1,0,1,1.0,,73303
0,1.29,0,0,0,0,0.0,0.0,73669
1,-1.3119999999999998,1,1,0,1,1.0,,87192
0,0.6609999999999999,1,1,0,1,1.0,,97910
0,1.134,0,0,0,0,0.0,0.0,22742
0,1.669,1,1,0,1,1.0,,59268
0,0.745,0,1,0,1,0.0,,53376
0,-0.912,0,0,0,1,0.0,,18854
0,0.116,1,1,0,1,1.0,,36000
1,0.094,0,1,0,1,0.0,,82504
0,-0.091,0,1,0,0,0.0,1.0,75729
0,2.508,0,0,1,1,,,37004
0,0.219,0,1,1,1,,,49960
0,0.818,0,0,0,1,0.0,,60111
1,-1.783,0,1,0,1,0.0,,35973
0,-0.868,0,0,0,1,0.0,,49621
0,1.5319999999999998,1,1,0,1,1.0,,31565
0,0.627,1,0,0,1,1.0,,58483
1,0.297,1,0,0,1,1.0,,40925
0,-0.454,0,1,0,1,0.0,,1370
0,0.21600000000000005,0,0,0,0,0.0,0.0,41500
1,0.401,0,0,1,1,,,2727
0,-1.272,1,1,0,1,1.0,,89018
1,-0.955,0,0,0,1,0.0,,4304
0,-2.638,0,1,0,0,0.0,1.0,23995
0,0.449,1,1,0,1,1.0,,42720
1,-0.74,1,1,0,1,1.0,,83704
0,-0.555,0,0,0,0,0.0,0.0,27128
0,-1.3130000000000002,0,0,0,1,0.0,,19270
0,-2.168,0,0,0,0,0.0,0.0,99568
0,-0.037000000000000005,0,1,0,1,0.0,,68251
0,0.002,0,1,0,0,0.0,1.0,52794
1,0.28300000000000003,1,0,1,1,,,92846
0,0.685,0,1,1,1,,,25083
1,0.4370000000000001,1,1,1,1,,,21670
1,-0.268,0,1,0,1,0.0,,38790
0,-0.638,1,1,0,1,1.0,,99556
1,-0.353,0,0,0,0,0.0,0.0,98799
1,0.929,1,1,0,1,1.0,,2586
0,-0.8340000000000001,0,0,0,1,0.0,,36433
0,0.308,0,1,0,1,0.0,,88602
1,0.013,1,0,0,1,1.0,,66154
1,0.199,1,1,0,1,1.0,,29233
0,0.408,1,1,1,1,,,74229
0,0.08800000000000001,0,0,0,0,0.0,0.0,15
1,0.44,0,0,0,1,0.0,,2552
0,-0.387,0,0,0,1,0.0,,62655
0,-1.221,1,1,0,1,1.0,,18777
0,-1.13,0,1,0,0,0.0,1.0,55927
0,0.49,1,1,0,1,1.0,,80873
0,-0.932,0,0,0,0,0.0,0.0,11687
0,0.375,1,1,0,1,1.0,,95346
0,-0.025,1,0,0,1,1.0,,58839
1,0.373,0,1,1,1,,,10680
0,-0.371,0,1,0,0,0.0,1.0,21258
0,-0.797,1,1,0,1,1.0,,84234
1,-0.384,0,1,0,1,0.0,,81531
1,-2.182,1,1,1,1,,,19222
1,0.805,1,0,0,1,1.0,,93840
0,-1.581,0,1,0,0,0.0,1.0,18019
1,-1.009,1,0,0,1,1.0,,90782
1,0.33,1,1,0,1,1.0,,93300
0,-0.254,1,0,0,1,1.0,,92242
0,-0.818,0,1,0,1,0.0,,22066
0,0.33,1,1,0,1,1.0,,44996
0,1.141,0,0,0,1,0.0,,40080
1,-1.354,1,1,0,1,1.0,,14075
1,1.379,1,1,1,1,,,47871
0,-1.971,1,1,0,1,1.0,,2913
0,0.508,0,0,0,1,0.0,,9624
0,0.398,1,1,0,1,1.0,,13203
0,-1.618,0,0,0,1,0.0,,21137
1,-0.196,0,1,0,1,0.0,,57462
0,0.478,0,0,1,1,,,80893
1,-0.208,0,1,1,1,,,84448
0,1.032,0,1,0,0,0.0,1.0,71503
1,-1.392,1,1,0,1,1.0,,98383
0,0.039,0,0,0,1,0.0,,99927
0,-0.213,0,0,0,0,0.0,0.0,52819
0,0.809,0,0,0,0,0.0,0.0,11481
0,0.161,0,1,1,1,,,69651
0,-2.537,1,0,0,1,1.0,,91610
0,1.384,1,0,0,1,1.0,,32880
0,0.268,1,1,0,0,1.0,1.0,51224
1,-1.166,0,1,0,1,0.0,,40321
0,0.396,0,0,0,0,0.0,0.0,23900
0,-2.224,1,1,0,1,1.0,,32014
0,0.474,1,1,0,1,1.0,,14831
0,-0.944,0,1,0,0,0.0,1.0,90853
0,-2.12,0,0,0,1,0.0,,22725
0,2.194,0,0,0,0,0.0,0.0,14432
0,0.754,1,1,0,1,1.0,,28422
0,-1.494,1,0,0,1,1.0,,58728
0,1.35,0,1,0,0,0.0,1.0,68701
1,-1.547,1,1,0,1,1.0,,71274
0,-0.207,0,1,0,1,0.0,,5379
1,-2.661,0,1,0,0,0.0,1.0,1557
0,0.7959999999999999,1,0,1,1,,,96668
1,0.723,1,1,0,1,1.0,,11402
1,1.218,0,1,0,1,0.0,,6278
0,-1.083,0,1,0,0,0.0,1.0,7549
0,0.523,0,1,0,0,0.0,1.0,73384
0,1.057,0,0,0,0,0.0,0.0,96405
0,1.254,0,0,0,0,0.0,0.0,52056
0,0.845,1,1,0,1,1.0,,68358
0,0.97,0,0,0,0,0.0,0.0,78691
1,0.603,1,0,1,1,,,16033
0,-0.7190000000000001,0,1,0,0,0.0,1.0,16916
0,1.188,0,0,0,1,0.0,,71199
0,1.835,0,1,0,0,0.0,1.0,12842
0,0.677,0,0,0,0,0.0,0.0,21133
0,-0.55,1,1,0,1,1.0,,23591
0,-0.071,1,1,0,1,1.0,,86969
0,-1.089,0,0,0,0,0.0,0.0,17533
1,1.018,1,1,0,1,1.0,,65452
0,-0.044,0,1,0,1,0.0,,16668
0,0.507,1,0,0,1,1.0,,95668
1,-1.3869999999999998,0,1,0,1,0.0,,52714
0,0.588,0,1,0,0,0.0,1.0,43164
0,-0.315,1,1,0,1,1.0,,26630
0,0.068,0,0,0,1,0.0,,83189
1,1.18,0,0,0,1,0.0,,64336
1,-0.634,0,1,0,1,0.0,,81073
0,0.71,0,1,0,0,0.0,1.0,36513
1,-1.368,0,0,0,1,0.0,,26434
0,0.733,0,1,0,1,0.0,,4852
1,1.098,1,0,1,1,,,28215
0,-0.59,0,0,0,1,0.0,,34134
1,-0.134,0,0,0,0,0.0,0.0,59258
0,0.414,0,0,0,1,0.0,,88121
0,0.732,0,1,1,1,,,57547
0,-2.271,1,0,0,1,1.0,,10767
1,-0.77,1,1,0,1,1.0,,55014
1,0.496,1,1,0,1,1.0,,18208
0,-0.329,0,1,0,1,0.0,,92563
0,-0.265,0,1,0,1,0.0,,76985
0,-0.16,1,0,0,1,1.0,,87629
0,0.606,1,0,0,1,1.0,,76650
0,1.069,0,0,0,0,0.0,0.0,606
1,1.162,0,0,1,1,,,16322
0,0.634,0,0,0,0,0.0,0.0,58447
1,-0.525,1,0,1,1,,,7306
0,0.343,0,1,0,0,0.0,1.0,90739
0,0.394,0,1,0,0,0.0,1.0,83065
0,-0.064,0,0,0,0,0.0,0.0,66536
0,-0.098,1,1,0,1,1.0,,11598
1,0.5820000000000001,0,0,1,1,,,94186
0,0.396,0,0,0,0,0.0,0.0,42370
1,-0.765,0,0,0,0,0.0,0.0,30531
1,0.524,1,0,0,1,1.0,,53489
0,0.306,0,0,0,0,0.0,0.0,20868
0,-0.224,1,1,1,1,,,43432
0,-0.189,0,0,0,1,0.0,,34614
0,1.5519999999999998,0,0,0,1,0.0,,71591
1,0.639,1,1,0,1,1.0,,96698
0,-0.102,0,0,0,1,0.0,,56906
0,-0.279,1,0,0,1,1.0,,45248
0,0.033,1,0,0,1,1.0,,40040
0,0.345,0,1,0,0,0.0,1.0,76715
0,-0.4,0,0,0,1,0.0,,66193
0,1.105,0,0,0,0,0.0,0.0,36208
0,-1.159,0,0,0,0,0.0,0.0,55518
0,0.434,0,1,0,1,0.0,,80022
1,0.113,0,0,0,1,0.0,,10589
0,-0.608,1,1,0,1,1.0,,84010
0,0.852,1,1,0,1,1.0,,55288
1,-0.904,1,1,0,1,1.0,,33664
1,0.631,0,0,0,1,0.0,,48899
0,1.011,0,1,0,1,0.0,,17689
0,-0.207,0,0,0,1,0.0,,60588
1,-0.226,1,0,0,1,1.0,,69343
1,1.095,1,1,1,1,,,13430
0,0.4270000000000001,0,0,0,0,0.0,0.0,18474
1,-1.4169999999999998,0,0,0,1,0.0,,95656
0,0.14300000000000002,0,0,0,1,0.0,,86715
0,-1.35,0,1,0,1,0.0,,84073
0,1.618,0,1,0,1,0.0,,44129
0,-1.894,0,0,0,0,0.0,0.0,24308
1,0.052000000000000005,0,0,0,0,0.0,0.0,17936
1,-1.07,1,1,0,1,1.0,,9893
0,-0.502,0,1,0,0,0.0,1.0,66061
0,1.026,1,1,0,1,1.0,,35309
0,1.579,0,1,0,1,0.0,,74971
0,-1.62,1,0,0,1,1.0,,25048
0,-0.252,0,1,0,1,0.0,,19675
0,-0.309,0,1,0,1,0.0,,46167
0,-0.084,1,0,0,1,1.0,,19331
0,-1.763,0,0,0,1,0.0,,65568
0,-1.012,1,0,0,1,1.0,,20214
0,-0.8270000000000001,1,0,0,1,1.0,,72507
0,0.08,1,1,0,1,1.0,,12074
0,-0.273,1,0,0,1,1.0,,48130
1,0.138,0,0,0,0,0.0,0.0,37640
0,0.43,0,0,0,0,0.0,0.0,98822
0,-1.277,0,1,0,1,0.0,,19814
0,-1.186,1,1,0,1,1.0,,769
1,0.8240000000000001,0,0,1,1,,,50499
0,0.875,1,0,0,1,1.0,,31305
0,0.5770000000000001,1,1,0,1,1.0,,98692
0,-0.165,0,1,0,1,0.0,,1719
0,-0.823,0,0,0,0,0.0,0.0,524
0,0.185,1,1,0,1,1.0,,41995
0,0.149,1,1,1,1,,,19725
1,-0.223,1,1,0,1,1.0,,90309
0,-1.381,0,1,0,1,0.0,,7797
0,-0.385,0,0,0,1,0.0,,43475
0,-0.785,0,1,0,1,0.0,,616
1,1.071,1,1,0,1,1.0,,20993
0,-1.5219999999999998,1,1,0,1,1.0,,5897
1,-0.7440000000000001,0,1,0,1,0.0,,66511
0,0.733,0,0,0,0,0.0,0.0,2944
0,0.498,0,1,0,1,0.0,,44492
1,-0.255,1,1,0,1,1.0,,22352
1,1.529,1,0,1,1,,,45225
0,0.831,1,0,0,1,1.0,,88186
1,0.279,1,0,1,1,,,23816
1,-0.8909999999999999,0,0,0,0,0.0,0.0,40523
1,1.265,0,0,1,1,,,25557
0,-0.054000000000000006,0,1,0,0,0.0,1.0,81943
0,-1.3090000000000002,1,0,0,1,1.0,,87742
0,-1.378,0,0,1,1,,,6863
0,0.237,1,0,0,1,1.0,,17632
1,-2.3280000000000003,1,1,0,1,1.0,,27721
0,-0.312,1,1,0,1,1.0,,82494
1,-0.012,1,0,0,1,1.0,,17747
0,3.1210000000000004,0,1,0,0,0.0,1.0,94831
1,-2.0,1,1,0,1,1.0,,35692
0,-0.101,1,0,0,1,1.0,,97391
0,-1.263,0,0,0,0,0.0,0.0,47002
0,-0.6829999999999999,1,0,0,1,1.0,,62816
0,-0.897,1,0,0,1,1.0,,98865
0,0.7240000000000001,1,1,0,1,1.0,,45392
1,0.062,0,1,0,1,0.0,,73976
1,-1.217,0,1,0,1,0.0,,22836
1,-0.848,0,1,0,0,0.0,1.0,84854
0,0.301,0,1,0,0,0.0,1.0,72691
0,0.046,0,0,0,0,0.0,0.0,66595
1,0.711,1,1,0,1,1.0,,81004
0,1.132,0,0,0,1,0.0,,53506
0,-0.313,0,0,1,1,,,65357
0,-0.242,0,0,0,1,0.0,,82084
0,0.862,0,0,0,1,0.0,,87464
1,0.36,0,0,0,0,0.0,0.0,94733
1,-0.08199999999999999,1,0,1,1,,,689
1,-0.5870000000000001,0,0,0,1,0.0,,21431
0,0.885,0,1,0,0,0.0,1.0,43709
1,-0.122,1,0,0,1,1.0,,43643
0,0.785,1,0,0,1,1.0,,18440
1,1.716,0,1,0,1,0.0,,79564
1,1.255,1,1,0,1,1.0,,69020
0,0.932,0,1,0,1,0.0,,14882
0,-0.165,0,0,0,1,0.0,,14636
1,0.206,0,1,0,1,0.0,,61008
0,0.249,0,0,0,1,0.0,,45390
0,-0.037000000000000005,0,0,0,0,0.0,0.0,44900
0,-0.782,1,1,0,1,1.0,,78990
0,1.196,0,0,0,1,0.0,,16186
0,-0.62,0,1,0,0,0.0,1.0,55713
0,0.929,1,0,0,1,1.0,,47864
0,2.122,1,1,0,1,1.0,,27525
0,-1.736,1,0,0,1,1.0,,36339
1,-0.026,0,0,0,1,0.0,,59443
1,0.14300000000000002,0,1,0,1,0.0,,40638
1,-1.545,1,1,1,1,,,40610
1,0.562,1,1,1,1,,,87539
0,1.046,0,0,0,0,0.0,0.0,1936
0,0.603,0,0,0,0,0.0,0.0,72530
0,0.942,1,1,0,1,1.0,,165
0,0.5710000000000001,1,1,0,1,1.0,,34449
0,1.084,1,1,0,1,1.0,,26091
1,2.224,0,1,1,1,,,73511
0,-0.983,0,0,0,1,0.0,,8834
1,-0.7879999999999999,0,0,0,0,0.0,0.0,73082
1,-0.225,1,1,0,1,1.0,,9203
0,-0.327,1,1,0,1,1.0,,82711
0,-0.516,0,1,0,0,0.0,1.0,25244
0,-0.8190000000000001,0,0,0,1,0.0,,24460
1,-0.026,0,0,0,0,0.0,0.0,33869
0,2.4,0,0,0,0,0.0,0.0,6451
1,0.63,1,0,0,1,1.0,,59358
1,0.895,0,1,1,1,,,67272
0,-0.384,0,1,0,0,0.0,1.0,25326
0,0.247,1,0,0,1,1.0,,39733
0,-0.777,0,1,0,1,0.0,,27201
1,-1.196,1,1,1,1,,,23898
0,-1.19,0,1,0,0,0.0,1.0,72777
0,-0.769,0,0,0,1,0.0,,80029
0,-1.105,0,1,0,0,0.0,1.0,10616
0,-0.446,0,1,0,1,0.0,,30825
0,1.546,0,0,0,1,0.0,,81810
0,-0.494,0,0,0,0,0.0,0.0,28720
1,1.588,0,0,0,1,0.0,,21190
0,0.6940000000000001,0,0,0,1,0.0,,4605
0,-0.899,1,0,0,1,1.0,,30576
0,-1.01,1,0,0,1,1.0,,14415
0,0.713,1,0,0,1,1.0,,65688
0,-1.042,0,0,0,1,0.0,,2596
1,-1.156,0,1,1,1,,,69889
0,-1.025,0,1,0,0,0.0,1.0,49461
1,0.015,1,1,0,1,1.0,,25173
0,0.473,0,0,0,1,0.0,,10692
0,-0.047,0,0,0,0,0.0,0.0,96470
1,-0.993,0,1,0,1,0.0,,82077
0,0.134,1,1,0,1,1.0,,74174
1,-0.499,0,0,0,1,0.0,,43954
0,0.536,0,0,0,0,0.0,0.0,63594
0,-0.491,0,1,0,0,0.0,1.0,4229
1,0.8490000000000001,1,1,0,1,1.0,,93373
0,0.518,1,1,0,1,1.0,,53689
1,-0.206,0,0,0,0,0.0,0.0,30737
0,-1.105,0,1,0,0,0.0,1.0,94714
1,1.232,1,0,0,1,1.0,,44350
1,-1.575,0,0,0,1,0.0,,40576
1,-0.609,1,1,1,1,,,8481
0,-0.512,1,0,0,1,1.0,,4731
1,-1.459,0,1,0,1,0.0,,31218
0,-1.068,1,1,0,1,1.0,,98882
0,1.21,0,0,0,0,0.0,0.0,30026
0,0.295,0,1,0,0,0.0,1.0,15184
0,-1.356,1,1,0,1,1.0,,25114
0,-1.072,1,1,0,1,1.0,,69189
0,-0.731,0,0,0,0,0.0,0.0,93659
1,-0.177,1,1,0,0,1.0,1.0,38548
1,-1.173,1,1,0,1,1.0,,11274
0,0.152,1,1,0,1,1.0,,82963
1,-1.824,0,1,0,1,0.0,,12999
0,-0.929,0,0,0,1,0.0,,83921
0,-1.02,1,1,0,1,1.0,,39340
0,-1.482,0,1,0,0,0.0,1.0,72804
1,-0.696,0,0,1,1,,,18307
0,-0.998,1,1,0,1,1.0,,36251
0,-0.168,1,1,0,1,1.0,,52387
0,-1.2009999999999998,0,1,0,1,0.0,,44898
0,1.25,1,1,0,1,1.0,,4638
1,0.366,0,0,0,1,0.0,,74569
0,0.95,1,1,0,1,1.0,,77575
0,-0.807,0,1,0,1,0.0,,38256
0,0.966,0,1,0,1,0.0,,87356
1,-2.089,0,0,0,1,0.0,,49147
1,-0.974,1,1,1,1,,,42984
0,0.857,1,1,0,1,1.0,,47981
0,0.33,1,1,0,1,1.0,,73812
0,-1.014,1,1,0,1,1.0,,98421
1,-0.583,0,1,1,1,,,5583
0,0.447,0,1,0,0,0.0,1.0,13120
0,-2.205,1,0,0,1,1.0,,32735
1,-0.708,0,1,0,0,0.0,1.0,73383
0,-1.696,0,1,0,0,0.0,1.0,11979
0,-0.954,1,1,0,1,1.0,,124
0,2.479,0,1,0,1,0.0,,51692
0,0.214,1,1,0,1,1.0,,32217
1,-0.9,1,1,0,1,1.0,,58968
1,-0.412,0,0,0,0,0.0,0.0,90263
1,-0.393,1,1,0,1,1.0,,89452
1,-1.308,1,1,0,1,1.0,,56210
1,0.544,1,1,1,1,,,41254
1,-1.776,0,0,0,1,0.0,,98922
0,0.43,0,1,0,1,0.0,,16077
1,0.187,0,0,1,1,,,48530
1,0.13699999999999998,1,0,0,1,1.0,,78042
0,-0.54,1,1,0,1,1.0,,8195
0,0.911,0,0,0,0,0.0,0.0,3276
1,-1.7480000000000002,0,1,0,1,0.0,,2480
0,0.361,0,0,0,0,0.0,0.0,75170
0,-1.567,1,0,0,1,1.0,,54812
0,1.0590000000000002,0,0,0,1,0.0,,87399
1,1.275,0,1,0,1,0.0,,11327
0,-0.27,1,1,0,1,1.0,,8113
0,0.705,0,0,0,0,0.0,0.0,19641
1,0.006,0,1,1,1,,,42994
1,-0.675,1,0,0,1,1.0,,99575
0,0.336,0,0,0,0,0.0,0.0,45432
0,0.49,0,1,0,0,0.0,1.0,33488
0,0.008,0,1,0,1,0.0,,26158
0,-0.52,1,0,0,1,1.0,,85537
1,0.227,0,0,0,0,0.0,0.0,9180
1,-0.087,1,1,1,1,,,81865
0,0.474,1,1,0,1,1.0,,678
0,0.552,1,0,0,1,1.0,,12810
0,-0.208,0,1,0,0,0.0,1.0,87903
0,0.229,0,0,0,1,0.0,,47250
0,-0.124,0,1,0,1,0.0,,43205
1,-0.297,0,0,0,1,0.0,,9417
1,0.861,1,1,0,1,1.0,,42904
1,-0.339,0,1,0,0,0.0,1.0,29029
0,1.0659999999999998,1,1,1,1,,,13251
0,0.163,1,1,1,1,,,72473
0,-0.7,0,0,0,0,0.0,0.0,11975
0,-1.143,1,1,0,1,1.0,,72803
0,-0.177,0,0,0,1,0.0,,25106
0,0.231,0,1,1,1,,,55071
0,-1.978,1,1,0,1,1.0,,763
0,0.064,1,1,0,1,1.0,,16145
0,1.081,0,1,0,1,0.0,,64108
0,0.403,0,0,0,1,0.0,,79725
0,0.083,1,1,0,1,1.0,,63999
1,-0.619,0,0,0,0,0.0,0.0,90093
0,0.7,0,1,0,0,0.0,1.0,78583
1,0.624,1,0,1,1,,,44425
0,1.039,0,1,0,0,0.0,1.0,74985
0,-0.081,0,1,1,1,,,7628
0,0.684,1,1,0,1,1.0,,44925
0,-0.244,0,0,0,0,0.0,0.0,25779
1,-0.048,1,1,0,1,1.0,,32593
0,-0.775,1,1,0,1,1.0,,15835
0,-0.8740000000000001,0,1,0,1,0.0,,43719
1,-0.595,0,1,0,0,0.0,1.0,88290
1,-0.426,0,0,0,0,0.0,0.0,29873
0,-0.976,1,1,0,1,1.0,,78237
0,-0.755,0,1,0,0,0.0,1.0,7025
0,-1.494,1,0,0,1,1.0,,395
0,-0.682,0,1,0,1,0.0,,95042
0,-0.161,0,1,0,1,0.0,,21244
1,-0.336,1,1,0,1,1.0,,36809
0,0.675,0,0,0,0,0.0,0.0,94104
0,-1.497,0,0,0,0,0.0,0.0,20976
0,-0.6659999999999999,1,0,0,1,1.0,,28087
0,-2.55,1,1,0,1,1.0,,67117
1,-0.528,1,1,0,1,1.0,,44709
1,-0.073,1,1,0,1,1.0,,76842
1,0.066,0,0,0,1,0.0,,89717
0,1.467,0,0,0,0,0.0,0.0,74462
1,-0.72,1,1,0,1,1.0,,60509
0,0.329,1,0,0,1,1.0,,43222
0,0.247,1,0,0,1,1.0,,58849
1,-1.318,1,0,0,1,1.0,,71597
0,-1.398,1,1,0,1,1.0,,22442
1,-1.125,0,1,0,1,0.0,,30595
1,-0.579,0,1,0,0,0.0,1.0,10356
1,1.934,1,1,1,1,,,79035
1,0.85,1,1,0,1,1.0,,64002
0,-1.234,1,0,0,1,1.0,,43033
0,-0.264,0,0,0,0,0.0,0.0,97721
0,-0.972,0,0,0,0,0.0,0.0,69803
0,0.32299999999999995,0,0,0,0,0.0,0.0,53195
0,1.019,1,1,0,1,1.0,,69505
1,0.065,0,0,1,1,,,86676
1,0.058,0,1,0,0,0.0,1.0,36787
0,1.7919999999999998,1,1,0,1,1.0,,44339
0,-0.775,1,1,0,1,1.0,,25164
0,1.404,0,1,0,0,0.0,1.0,75099
0,-0.36,0,1,0,0,0.0,1.0,43461
0,1.4580000000000002,0,0,0,0,0.0,0.0,9086
1,0.243,1,0,1,1,,,22582
1,-1.439,1,1,0,1,1.0,,77852
0,-0.833,0,1,0,0,0.0,1.0,28064
0,-0.604,1,0,0,1,1.0,,15432
1,-1.936,0,1,1,1,,,20250
0,0.17,0,0,0,0,0.0,0.0,86421
0,1.547,1,1,0,1,1.0,,73838
0,1.509,0,1,0,0,0.0,1.0,43804
1,0.096,0,1,1,1,,,65792
0,0.152,0,1,1,1,,,885
1,-1.431,1,1,1,1,,,29545
0,0.408,0,0,0,1,0.0,,49224
1,0.831,1,1,0,1,1.0,,26240
0,-0.847,1,1,0,1,1.0,,96924
1,-0.7070000000000001,1,1,0,1,1.0,,59299
0,-2.49,1,1,0,1,1.0,,73971
0,-1.457,0,1,0,0,0.0,1.0,88285
1,-0.955,0,1,0,1,0.0,,72877
0,1.4169999999999998,0,1,1,1,,,54463
0,0.762,1,0,1,1,,,4784
0,-0.034,1,0,0,1,1.0,,8006
1,-0.9,0,1,0,1,0.0,,56266
0,0.612,0,0,0,0,0.0,0.0,67408
0,-2.066,1,1,0,1,1.0,,51792
1,-0.677,0,0,0,1,0.0,,49710
0,-1.452,0,0,0,0,0.0,0.0,39680
1,1.143,0,0,1,1,,,47140
0,0.125,1,0,0,1,1.0,,26648
0,0.8170000000000001,1,1,0,1,1.0,,8260
0,-0.333,0,0,0,1,0.0,,55804
1,-0.873,0,1,0,0,0.0,1.0,9117
1,-0.196,0,0,0,0,0.0,0.0,44320
1,-1.304,1,1,0,1,1.0,,62370
0,-0.913,0,0,0,1,0.0,,27709
0,0.101,0,0,0,0,0.0,0.0,52341
0,-2.592,1,0,0,1,1.0,,12562
0,1.7380000000000002,0,0,0,0,0.0,0.0,88861
0,0.222,1,0,0,1,1.0,,31820
1,-1.406,0,0,0,0,0.0,0.0,12183
1,0.43,1,0,1,1,,,33847
0,-1.635,0,0,0,0,0.0,0.0,4580
1,-1.875,0,1,0,1,0.0,,55874
0,1.16,1,1,0,1,1.0,,89936
0,-0.412,0,0,0,0,0.0,0.0,2759
0,0.503,0,0,0,0,0.0,0.0,44973
0,1.041,1,1,0,1,1.0,,63064
0,1.164,0,1,0,0,0.0,1.0,20883
0,0.799,1,0,0,1,1.0,,39059
1,-0.518,0,1,0,0,0.0,1.0,41894
0,-0.982,0,1,0,0,0.0,1.0,74823
0,-0.631,1,1,0,1,1.0,,51151
0,0.785,1,1,0,1,1.0,,80928
1,0.035,0,0,1,1,,,65192
0,0.077,0,0,0,0,0.0,0.0,37430
0,-1.025,0,0,0,0,0.0,0.0,88413
1,0.106,1,0,1,1,,,89524
0,0.623,0,0,0,0,0.0,0.0,85529
0,2.068,1,0,0,0,1.0,0.0,53280
0,0.625,1,0,0,1,1.0,,26285
1,-0.285,1,1,0,1,1.0,,65616
1,0.91,1,1,0,1,1.0,,55156
1,0.574,0,0,0,0,0.0,0.0,15295
0,0.153,1,1,0,1,1.0,,60999
0,-1.601,1,1,0,1,1.0,,84020
0,0.7240000000000001,1,0,0,1,1.0,,68634
0,-0.316,1,1,0,1,1.0,,8656
0,-1.162,1,1,0,1,1.0,,71891
0,1.198,0,0,1,1,,,16740
1,-0.581,1,1,0,1,1.0,,83643
0,-0.825,0,1,0,1,0.0,,7057
0,1.14,1,0,0,1,1.0,,37443
1,-0.526,1,0,1,1,,,51657
0,-0.368,0,1,0,1,0.0,,44914
1,-0.315,0,1,0,1,0.0,,61889
0,0.365,0,1,0,0,0.0,1.0,14309
1,-0.575,0,0,0,0,0.0,0.0,33959
0,-0.139,0,1,0,0,0.0,1.0,2148
0,0.917,1,1,0,1,1.0,,45862
0,0.446,0,0,0,1,0.0,,37563
0,0.952,1,1,0,1,1.0,,97388
0,-1.806,1,1,0,1,1.0,,76315
0,1.19,1,0,0,1,1.0,,36653
0,-0.342,1,1,0,1,1.0,,35940
0,-1.147,0,0,0,1,0.0,,40684
0,-0.521,1,1,0,1,1.0,,15218
1,0.315,0,1,0,1,0.0,,50715
0,-0.196,0,1,0,1,0.0,,25970
0,-2.515,1,0,0,1,1.0,,66464
0,0.344,0,0,0,1,0.0,,40451
0,0.479,1,1,0,1,1.0,,1703
0,-1.773,0,1,0,0,0.0,1.0,45512
1,0.14800000000000002,1,1,0,1,1.0,,31385
0,0.14,0,1,0,0,0.0,1.0,70958
0,1.188,0,0,0,0,0.0,0.0,64502
1,-0.225,0,1,0,0,0.0,1.0,4672
1,0.297,1,0,0,1,1.0,,6791
1,0.35200000000000004,1,1,0,1,1.0,,69849
1,-1.722,1,1,0,1,1.0,,44631
0,-1.477,0,1,0,1,0.0,,26002
0,0.2,1,1,0,1,1.0,,58025
0,0.708,0,1,0,1,0.0,,27645
1,1.652,1,1,0,1,1.0,,56201
1,-1.082,0,1,0,1,0.0,,19890
0,0.206,1,1,0,1,1.0,,27129
1,0.42,0,0,0,1,0.0,,48413
0,-0.34600000000000003,1,1,0,1,1.0,,17116
1,-0.321,1,1,0,1,1.0,,72859
1,0.354,0,0,0,0,0.0,0.0,93280
0,-1.967,0,1,1,1,,,46862
0,-0.997,0,0,0,0,0.0,0.0,91956
1,0.362,0,0,0,0,0.0,0.0,4915
0,0.456,0,0,0,0,0.0,0.0,20055
1,0.455,0,0,0,0,0.0,0.0,14276
1,-0.624,1,1,0,1,1.0,,23159
0,0.947,1,1,0,1,1.0,,71026
0,-0.843,1,1,0,1,1.0,,51814
1,1.491,0,0,0,1,0.0,,30270
1,1.681,0,1,0,0,0.0,1.0,13891
1,0.236,1,1,0,1,1.0,,96587
0,-0.193,0,1,0,1,0.0,,10563
0,0.28300000000000003,0,1,0,0,0.0,1.0,18027
0,-0.02,0,1,0,1,0.0,,96531
0,0.161,1,1,0,1,1.0,,64989
0,0.214,1,1,0,1,1.0,,44092
1,-0.297,0,1,0,0,0.0,1.0,10429
0,-0.708,0,0,0,1,0.0,,13592
0,0.183,1,1,0,0,1.0,1.0,38854
0,-0.757,1,1,0,1,1.0,,44
0,0.608,0,0,0,1,0.0,,94205
0,-0.7609999999999999,0,1,0,0,0.0,1.0,81639
1,-0.611,0,1,0,0,0.0,1.0,56839
0,1.046,1,1,0,1,1.0,,17284
1,0.37,1,1,0,1,1.0,,23543
0,-0.8490000000000001,0,0,0,1,0.0,,88282
0,1.38,0,1,0,1,0.0,,16391
0,-0.3670000000000001,0,0,0,0,0.0,0.0,93243
1,0.775,0,0,0,0,0.0,0.0,14435
0,-0.597,0,1,0,0,0.0,1.0,16059
0,-0.586,1,1,0,1,1.0,,12867
0,0.002,1,1,0,1,1.0,,47255
0,0.297,0,1,0,1,0.0,,28872
1,-0.151,1,1,0,1,1.0,,15619
1,0.8440000000000001,0,0,0,0,0.0,0.0,46343
0,-0.918,0,0,0,0,0.0,0.0,56085
0,0.17800000000000002,1,0,0,1,1.0,,60746
0,-0.257,1,0,0,1,1.0,,98126
0,-1.01,0,0,0,1,0.0,,95276
1,-1.276,0,1,0,1,0.0,,89791
0,-0.345,1,0,0,1,1.0,,13752
0,0.915,1,1,0,1,1.0,,32254
1,0.373,0,1,0,0,0.0,1.0,29044
1,0.006999999999999999,0,0,0,0,0.0,0.0,20169
1,0.918,0,0,0,0,0.0,0.0,1347
0,0.715,0,0,0,0,0.0,0.0,93475
0,-1.122,0,0,0,1,0.0,,60527
1,1.621,0,0,1,1,,,53596
0,0.787,0,0,0,1,0.0,,21322
0,-0.299,1,1,0,1,1.0,,66997
0,1.757,0,1,0,0,0.0,1.0,37222
0,0.313,1,0,0,1,1.0,,26765
1,-0.16899999999999998,1,1,0,1,1.0,,89908
0,1.105,0,0,0,1,0.0,,6612
1,-0.657,0,1,0,0,0.0,1.0,66392
1,0.493,0,1,0,0,0.0,1.0,26288
0,0.58,0,0,0,1,0.0,,44246
0,-1.033,0,1,0,0,0.0,1.0,83260
1,-0.581,0,0,1,1,,,17031
0,-0.5760000000000001,0,0,0,0,0.0,0.0,86872
0,0.192,0,1,0,0,0.0,1.0,57098
0,0.6890000000000001,0,0,0,1,0.0,,82914
0,-0.248,0,0,0,1,0.0,,48287
0,2.253,0,1,0,0,0.0,1.0,14313
0,-1.564,0,0,0,1,0.0,,46034
1,-1.58,1,1,0,1,1.0,,31861
1,0.36,0,1,1,1,,,76009
0,1.595,1,1,0,1,1.0,,79731
0,-0.075,0,0,0,0,0.0,0.0,51700
1,-0.38,0,1,1,1,,,67259
1,0.765,0,1,1,1,,,9377
1,-0.07400000000000001,0,1,0,0,0.0,1.0,73404
0,0.54,1,0,0,1,1.0,,53505
1,0.171,1,0,0,1,1.0,,78878
0,0.482,0,0,0,0,0.0,0.0,80452
0,-0.272,0,0,0,0,0.0,0.0,42273
1,-0.055,1,1,0,1,1.0,,3420
0,1.693,0,1,0,0,0.0,1.0,74353
0,0.445,1,1,0,1,1.0,,59976
1,-0.6890000000000001,0,0,0,1,0.0,,85518
0,-0.455,0,1,0,0,0.0,1.0,11339
1,-1.003,1,0,0,1,1.0,,54130
0,1.926,1,0,0,1,1.0,,41488
1,-0.228,0,0,0,1,0.0,,42733
0,-0.03,0,1,0,0,0.0,1.0,50644
1,-0.35700000000000004,0,0,0,0,0.0,0.0,12799
0,0.848,0,1,0,0,0.0,1.0,62810
0,-1.86,0,0,0,0,0.0,0.0,32028
0,-0.588,0,0,0,0,0.0,0.0,24265
1,-0.16399999999999998,1,1,0,1,1.0,,90685
1,-0.809,1,1,0,1,1.0,,57849
1,-1.061,0,0,0,1,0.0,,72396
1,0.037000000000000005,0,1,1,1,,,77300
0,1.296,1,0,0,1,1.0,,10544
0,-0.383,0,0,0,1,0.0,,91538
1,0.01,0,0,0,0,0.0,0.0,17634
1,-0.513,1,1,0,1,1.0,,35929
0,-0.404,0,1,0,1,0.0,,85229
1,-1.402,0,0,1,1,,,45754
1,-1.6769999999999998,1,1,0,1,1.0,,93257
0,-1.406,1,1,0,1,1.0,,17501
0,-0.928,1,1,0,1,1.0,,70722
0,-0.35100000000000003,1,1,0,1,1.0,,1948
1,-1.026,0,0,0,0,0.0,0.0,79217
0,0.825,0,1,0,0,0.0,1.0,84602
1,1.931,0,1,0,0,0.0,1.0,6253
0,1.376,0,1,0,1,0.0,,4063
1,-0.6409999999999999,1,0,0,1,1.0,,13733
0,0.122,1,1,0,0,1.0,1.0,59898
0,0.638,1,1,0,1,1.0,,20369
0,-0.989,1,0,0,1,1.0,,48591
0,0.5,1,0,0,1,1.0,,16856
1,1.518,0,0,0,0,0.0,0.0,16147
0,-0.475,1,1,0,0,1.0,1.0,97364
1,-1.642,1,1,0,1,1.0,,31099
0,1.227,0,0,0,0,0.0,0.0,99273
1,0.418,0,0,0,1,0.0,,91062
0,-0.523,0,1,0,0,0.0,1.0,29957
1,-0.505,0,1,0,0,0.0,1.0,57066
0,-0.319,1,1,0,1,1.0,,4183
1,0.6,1,1,0,1,1.0,,43975
0,-0.816,0,1,0,0,0.0,1.0,50234
1,1.6769999999999998,1,0,0,1,1.0,,9795
1,0.175,0,0,0,0,0.0,0.0,79992
0,-0.18,0,1,0,0,0.0,1.0,14658
1,0.591,0,0,0,0,0.0,0.0,78783
0,-0.545,0,0,0,0,0.0,0.0,63423
0,-0.675,0,1,0,1,0.0,,13246
0,-0.853,0,0,0,0,0.0,0.0,17605
1,-1.218,1,1,0,1,1.0,,7562
1,1.257,1,1,0,1,1.0,,43498
1,-1.435,1,1,0,1,1.0,,53367
1,1.463,0,1,0,0,0.0,1.0,36544
0,1.88,0,0,0,0,0.0,0.0,24842
1,-1.994,1,1,1,1,,,53567
0,-0.963,0,1,1,1,,,68484
1,-0.8,0,1,0,0,0.0,1.0,33004
1,0.443,1,0,0,1,1.0,,6376
1,0.416,0,1,0,1,0.0,,99263
0,1.261,0,0,1,1,,,58341
0,-1.509,0,0,0,1,0.0,,77320
0,-0.377,0,0,0,1,0.0,,2385
1,-0.544,0,1,0,0,0.0,1.0,4147
0,-1.661,1,1,0,1,1.0,,21333
0,-1.273,1,1,0,1,1.0,,73471
1,-0.421,0,1,0,0,0.0,1.0,59402
1,-0.8320000000000001,1,0,0,1,1.0,,61249
0,-1.128,0,1,0,0,0.0,1.0,89133
1,-0.127,0,0,1,1,,,15569
0,-1.796,1,0,0,1,1.0,,42028
0,2.168,1,0,0,1,1.0,,2332
0,-1.175,0,0,0,0,0.0,0.0,32784
1,1.087,0,0,0,0,0.0,0.0,9499
0,-0.329,0,0,0,1,0.0,,91165
1,-1.57,1,0,0,1,1.0,,61908
0,0.196,1,1,0,1,1.0,,94532
1,-0.858,0,0,0,0,0.0,0.0,20722
1,0.6990000000000001,1,0,0,1,1.0,,6199
0,0.8220000000000001,0,0,0,0,0.0,0.0,74199
1,-0.604,0,0,1,1,,,75397
1,-1.669,1,1,0,1,1.0,,8320
0,0.578,1,0,0,1,1.0,,99212
0,-0.114,0,1,0,0,0.0,1.0,9582
1,0.961,1,1,0,1,1.0,,95
0,0.92,0,1,0,1,0.0,,29578
1,-0.5820000000000001,1,1,0,1,1.0,,10249
0,1.493,0,1,0,1,0.0,,14524
0,-2.022,0,0,1,1,,,39801
0,-1.077,0,1,0,0,0.0,1.0,16411
1,1.854,0,0,1,1,,,66297
1,0.183,1,0,0,1,1.0,,72458
0,-0.371,0,1,0,0,0.0,1.0,62833
0,-1.091,1,1,0,1,1.0,,83823
1,-0.416,0,0,0,0,0.0,0.0,15225
0,-0.962,1,1,0,1,1.0,,76707
0,-0.8340000000000001,1,0,0,1,1.0,,75880
0,-0.687,0,1,0,1,0.0,,51787
0,-0.35600000000000004,0,0,0,0,0.0,0.0,643
0,0.667,0,1,0,0,0.0,1.0,59085
0,-0.633,0,0,1,1,,,9610
0,2.055,1,0,0,1,1.0,,71522
1,0.306,1,0,0,1,1.0,,28735
0,0.354,0,0,0,0,0.0,0.0,59059
0,1.054,0,1,0,1,0.0,,3320
0,0.893,0,0,0,0,0.0,0.0,61069
0,0.365,0,0,0,1,0.0,,51721
0,-0.655,1,0,0,1,1.0,,50730
1,0.684,0,0,1,1,,,80558
0,1.219,1,1,0,1,1.0,,29969
0,-0.03,0,1,1,1,,,89035
0,0.701,0,0,0,0,0.0,0.0,28412
1,-0.5670000000000001,1,0,0,1,1.0,,76256
1,-1.741,0,1,0,1,0.0,,83393
0,-0.927,0,0,0,0,0.0,0.0,50991
0,1.227,1,1,0,1,1.0,,38173
1,-0.7509999999999999,1,0,0,1,1.0,,19799
1,0.759,1,1,1,1,,,37945
0,0.14400000000000002,1,0,0,1,1.0,,15650
0,0.075,0,0,0,1,0.0,,71382
0,0.76,0,1,0,0,0.0,1.0,68407
0,0.5489999999999999,1,1,0,1,1.0,,95717
1,-0.18600000000000005,1,1,0,1,1.0,,78862
0,-0.315,0,0,0,1,0.0,,93617
0,0.094,0,0,0,1,0.0,,75599
0,0.898,0,1,0,0,0.0,1.0,99715
1,1.544,1,1,0,1,1.0,,49863
0,-0.093,1,1,0,1,1.0,,20794
0,1.269,0,1,0,0,0.0,1.0,33840
0,-0.5589999999999999,0,1,0,1,0.0,,35121
0,0.274,0,0,0,0,0.0,0.0,76435
0,-1.342,0,0,0,0,0.0,0.0,15706
0,0.302,1,1,0,1,1.0,,7160
1,0.067,1,1,0,1,1.0,,20205
1,1.249,0,1,0,0,0.0,1.0,93422
1,-1.005,0,1,0,0,0.0,1.0,5599
1,-0.546,0,0,0,0,0.0,0.0,61764
0,-0.447,0,1,0,0,0.0,1.0,34899
1,0.472,0,0,0,0,0.0,0.0,19449
1,-0.469,0,1,0,0,0.0,1.0,15956
1,1.268,0,0,0,1,0.0,,13078
0,-0.44,0,0,0,0,0.0,0.0,73639
0,0.501,1,1,0,1,1.0,,7142
0,-0.545,0,1,0,0,0.0,1.0,35516
1,0.362,1,1,0,1,1.0,,48862
1,1.091,1,1,0,1,1.0,,78868
1,0.594,1,0,0,1,1.0,,68167
0,0.503,0,0,0,1,0.0,,90717
0,0.853,1,1,0,1,1.0,,30833
1,1.009,0,0,1,1,,,80080
1,-0.389,0,1,0,1,0.0,,29586
0,-0.371,1,1,0,1,1.0,,56454
0,1.153,1,0,0,1,1.0,,10150
0,-0.72,0,1,0,0,0.0,1.0,92489
0,-0.294,0,0,0,1,0.0,,83357
0,0.6709999999999999,0,0,0,1,0.0,,90492
1,-0.251,1,1,0,1,1.0,,23560
0,0.024,0,0,0,0,0.0,0.0,92510
0,2.082,0,0,0,1,0.0,,68836
0,-0.82,1,1,0,1,1.0,,67150
0,0.17600000000000002,0,1,0,1,0.0,,8156
0,1.663,0,0,0,0,0.0,0.0,30282
0,-1.058,0,1,0,1,0.0,,50031
1,0.457,0,0,0,0,0.0,0.0,34115
0,0.301,0,1,0,1,0.0,,75836
0,-0.43,0,0,0,1,0.0,,34680
1,-0.789,0,0,1,1,,,22567
1,0.821,1,0,0,1,1.0,,58102
1,0.022,0,1,1,1,,,54338
0,-0.8440000000000001,0,0,0,0,0.0,0.0,4428
0,-0.43,1,1,0,1,1.0,,53477
0,0.29600000000000004,1,0,0,1,1.0,,83978
1,-0.234,0,0,0,0,0.0,0.0,48534
1,1.416,1,1,0,1,1.0,,1366
0,-1.166,0,1,0,1,0.0,,49907
1,1.031,0,1,0,1,0.0,,46105
1,1.075,1,1,0,1,1.0,,17737
0,0.623,0,0,0,0,0.0,0.0,84131
1,-0.06,1,1,0,1,1.0,,84734
0,-0.325,0,0,1,1,,,11599
0,1.123,1,1,0,1,1.0,,53307
1,0.253,1,0,1,1,,,22260
0,-0.458,1,1,0,0,1.0,1.0,59383
0,-0.8390000000000001,1,1,0,1,1.0,,14822
0,-0.121,1,1,0,1,1.0,,68426
0,-1.577,0,0,0,0,0.0,0.0,33746
0,0.324,0,0,0,0,0.0,0.0,50786
0,-0.6459999999999999,0,1,0,1,0.0,,21335
1,-0.942,0,0,0,0,0.0,0.0,63750
1,0.513,0,0,0,0,0.0,0.0,8722
1,0.64,1,0,0,1,1.0,,93360
0,0.111,0,0,0,0,0.0,0.0,27678
0,-0.163,1,1,0,1,1.0,,2541
0,-0.802,1,1,0,1,1.0,,23862
0,-1.057,0,1,0,1,0.0,,3352
1,-1.099,1,1,1,1,,,77026
0,0.715,0,1,0,0,0.0,1.0,90270
0,-0.698,0,0,0,1,0.0,,8515
1,0.397,1,1,1,1,,,68159
0,-1.158,0,1,0,0,0.0,1.0,93385
0,-1.085,0,0,0,1,0.0,,43451
1,-0.657,1,1,1,1,,,73055
0,-0.071,1,1,0,1,1.0,,19051
0,-0.044,0,1,0,0,0.0,1.0,8701
0,-0.468,0,0,0,0,0.0,0.0,60795
0,0.134,1,1,0,1,1.0,,26860
0,-0.161,0,1,0,0,0.0,1.0,68692
0,-0.247,0,0,0,1,0.0,,12754
0,-0.062,1,1,0,1,1.0,,15030
0,-0.069,0,1,0,1,0.0,,70331
1,0.16899999999999998,0,0,0,1,0.0,,1692
0,-1.262,0,1,0,0,0.0,1.0,67830
0,0.29600000000000004,0,0,0,1,0.0,,60294
0,-0.239,1,1,0,1,1.0,,79906
0,-1.004,0,0,1,1,,,49575
1,0.8320000000000001,0,1,0,0,0.0,1.0,42391
0,1.689,0,1,0,1,0.0,,70549
0,0.669,0,1,0,0,0.0,1.0,59575
0,1.519,0,0,0,1,0.0,,20311
1,1.154,0,1,1,1,,,62514
0,-0.955,0,0,0,0,0.0,0.0,71909
1,0.752,1,1,0,1,1.0,,99814
1,-0.8390000000000001,0,0,0,1,0.0,,30845
0,0.15,0,1,0,1,0.0,,73849
1,0.667,1,1,0,1,1.0,,58915
0,-1.829,0,1,0,1,0.0,,15685
0,-1.025,0,1,0,0,0.0,1.0,89518
1,0.438,0,1,0,1,0.0,,42331
0,-0.516,0,0,0,1,0.0,,36573
1,1.636,0,1,0,1,0.0,,84109
1,-0.894,0,0,0,1,0.0,,86527
0,-0.031,1,0,0,1,1.0,,20759
0,-0.8270000000000001,0,0,0,1,0.0,,9652
0,-1.499,0,1,1,1,,,96688
1,-1.864,0,0,0,1,0.0,,99510
0,1.087,0,1,0,1,0.0,,17840
0,0.113,0,0,0,0,0.0,0.0,22303
0,-1.3769999999999998,0,0,0,0,0.0,0.0,71063
1,-0.518,1,0,0,1,1.0,,34346
0,1.149,0,1,0,0,0.0,1.0,82168
0,0.446,0,1,0,0,0.0,1.0,57657
0,0.251,1,1,1,1,,,77157
0,-0.05,1,0,0,1,1.0,,29387
0,-1.423,0,1,0,0,0.0,1.0,69979
0,-0.397,1,0,0,1,1.0,,50395
0,0.378,0,0,0,0,0.0,0.0,66609
0,-0.016,1,1,0,1,1.0,,21840
0,-0.307,0,0,0,1,0.0,,39089
1,-1.305,1,1,1,1,,,67286
0,0.002,1,0,0,1,1.0,,18172
0,-0.021,1,0,0,1,1.0,,84197
1,-0.461,1,0,0,1,1.0,,26085
1,0.745,1,1,0,1,1.0,,50949
1,-1.622,1,0,0,1,1.0,,15840
0,-2.44,1,1,0,1,1.0,,94317
0,-0.731,1,0,1,1,,,65576
0,0.985,1,1,0,1,1.0,,8203
0,-0.461,1,1,0,1,1.0,,39209
0,-0.441,0,1,0,0,0.0,1.0,59533
0,1.589,1,1,0,1,1.0,,5295
0,-1.291,1,1,0,1,1.0,,14914
0,-1.028,0,1,0,0,0.0,1.0,24162
0,0.52,1,0,0,1,1.0,,9458
0,-0.223,1,1,0,1,1.0,,62358
1,1.135,0,1,0,1,0.0,,52982
1,0.861,0,0,0,0,0.0,0.0,1587
0,0.263,1,1,0,1,1.0,,41090
0,-0.8340000000000001,0,1,0,1,0.0,,57630
0,1.187,0,1,0,0,0.0,1.0,25369
0,1.109,1,0,0,0,1.0,0.0,87904
1,1.227,1,0,0,1,1.0,,25562
0,2.063,1,1,0,1,1.0,,3159
1,0.034,0,0,0,1,0.0,,59392
0,-0.412,0,1,0,0,0.0,1.0,98931
0,0.563,0,1,0,1,0.0,,47040
0,0.435,0,0,0,0,0.0,0.0,89720
0,0.524,1,0,0,1,1.0,,73112
1,-0.419,0,0,0,0,0.0,0.0,66964
0,0.481,0,0,0,1,0.0,,53777
1,-0.126,1,1,0,1,1.0,,56011
0,-0.307,0,1,0,0,0.0,1.0,51753
1,-0.172,0,0,0,0,0.0,0.0,82459
1,-0.911,1,1,0,1,1.0,,46319
0,-0.228,0,0,1,1,,,9875
0,0.237,1,1,0,1,1.0,,61469
0,-0.7040000000000001,1,1,0,1,1.0,,50515
1,-1.081,0,1,0,0,0.0,1.0,53986
1,0.163,0,1,0,1,0.0,,82162
0,-0.988,0,0,0,1,0.0,,78881
0,0.449,0,1,0,0,0.0,1.0,57089
1,-0.382,1,1,0,1,1.0,,81136
0,1.3259999999999998,0,1,0,0,0.0,1.0,93439
1,1.046,0,1,0,0,0.0,1.0,58571
1,0.8420000000000001,1,0,0,1,1.0,,22143
0,0.57,1,1,0,1,1.0,,81256
0,0.7609999999999999,1,1,0,1,1.0,,61260
0,0.195,0,1,0,1,0.0,,43704
1,0.383,1,1,0,1,1.0,,8328
0,0.354,0,1,0,0,0.0,1.0,45133
0,1.183,1,1,0,1,1.0,,83071
1,0.7390000000000001,0,0,1,1,,,2401
0,-1.497,1,1,1,1,,,14452
0,1.69,0,1,0,0,0.0,1.0,76633
1,-1.248,0,0,1,1,,,6693
0,0.247,0,0,0,1,0.0,,33738
1,-0.575,0,0,0,0,0.0,0.0,5103
0,-0.457,0,0,0,1,0.0,,91838
1,-1.204,1,1,1,1,,,63346
0,2.356,0,0,0,1,0.0,,2123
0,0.8490000000000001,0,0,0,0,0.0,0.0,67905
1,1.042,1,0,1,1,,,74712
0,0.537,0,1,0,1,0.0,,96901
1,0.62,1,1,0,1,1.0,,15972
0,-0.044,0,0,0,0,0.0,0.0,76702
0,-0.698,1,0,0,1,1.0,,8452
1,-0.878,0,1,0,1,0.0,,9971
0,0.239,1,1,0,1,1.0,,63168
0,0.604,1,1,0,1,1.0,,31748
0,0.307,1,0,0,1,1.0,,79242
1,-0.275,0,0,0,0,0.0,0.0,59054
0,-0.87,0,1,0,1,0.0,,16114
0,-0.395,0,1,0,1,0.0,,20023
1,0.252,0,1,0,0,0.0,1.0,58858
0,-0.065,0,1,0,1,0.0,,22864
1,-1.724,1,0,0,1,1.0,,37083
0,1.022,0,1,1,1,,,80533
1,-0.937,0,1,0,1,0.0,,95494
1,0.6609999999999999,0,1,0,0,0.0,1.0,97373
0,-1.9,1,1,0,1,1.0,,14626
0,-0.434,1,0,0,1,1.0,,86933
0,1.597,0,0,0,1,0.0,,60073
0,-1.606,1,1,0,1,1.0,,38436
0,-1.618,0,0,0,1,0.0,,10123
0,0.977,0,1,0,1,0.0,,51076
1,0.36,0,0,0,1,0.0,,45721
0,-0.904,0,1,0,0,0.0,1.0,49755
0,-1.286,1,0,0,1,1.0,,72502
0,0.934,0,0,0,1,0.0,,82537
1,-1.102,0,1,0,1,0.0,,33413
0,-0.8759999999999999,0,1,0,1,0.0,,32446
0,2.135,0,0,0,1,0.0,,16663
0,1.0590000000000002,1,0,1,1,,,65570
0,0.5539999999999999,0,1,0,1,0.0,,74663
1,0.24,1,1,0,1,1.0,,91372
1,1.306,1,1,1,1,,,46920
1,-0.23,0,1,0,1,0.0,,34207
1,1.113,0,1,0,0,0.0,1.0,61277
1,-0.408,1,0,0,1,1.0,,23210
0,0.153,0,1,0,0,0.0,1.0,95466
0,1.368,0,0,1,1,,,49782
0,-0.593,0,1,0,0,0.0,1.0,87640
1,-1.3090000000000002,0,0,0,0,0.0,0.0,11909
0,-2.362,1,0,0,1,1.0,,81066
0,0.16,0,0,0,0,0.0,0.0,85369
0,0.542,0,1,0,1,0.0,,9079
1,-1.221,1,1,1,1,,,45983
0,0.8909999999999999,1,0,0,1,1.0,,57045
0,-0.517,0,1,0,0,0.0,1.0,64678
1,0.398,1,1,0,1,1.0,,9553
1,0.043,1,1,0,1,1.0,,84840
1,0.095,0,1,0,1,0.0,,8520
1,-0.429,0,0,0,1,0.0,,40578
1,0.226,0,0,0,1,0.0,,8004
0,-0.89,1,0,0,1,1.0,,46899
1,0.632,0,1,0,0,0.0,1.0,26537
0,0.7070000000000001,0,1,0,0,0.0,1.0,99646
0,-1.27,1,1,0,1,1.0,,50352
1,0.598,1,1,1,1,,,57087
1,-0.227,1,0,0,1,1.0,,25922
0,0.631,0,0,0,1,0.0,,4286
0,-2.539,0,0,0,1,0.0,,8870
0,-0.954,1,1,0,1,1.0,,39160
0,1.0,0,0,0,0,0.0,0.0,53442
0,2.122,0,0,0,0,0.0,0.0,29701
0,0.5770000000000001,1,1,0,1,1.0,,75129
0,0.997,0,0,1,1,,,43134
0,-1.1840000000000002,0,1,0,1,0.0,,66763
0,-0.087,0,0,0,0,0.0,0.0,43631
0,-1.4469999999999998,0,1,0,1,0.0,,28599
1,0.358,0,0,0,0,0.0,0.0,90261
1,0.001,0,1,0,1,0.0,,1357
1,0.397,0,0,1,1,,,79954
0,0.6890000000000001,0,1,0,1,0.0,,64149
1,1.025,1,1,0,1,1.0,,54583
0,-0.73,0,0,0,0,0.0,0.0,78076
1,0.147,1,1,0,1,1.0,,38066
1,1.265,0,0,0,0,0.0,0.0,40218
1,-1.975,0,0,0,0,0.0,0.0,1080
1,-0.8390000000000001,1,1,0,1,1.0,,87166
1,0.397,0,0,0,1,0.0,,21176
1,0.289,1,1,0,1,1.0,,29898
0,-0.475,1,1,0,1,1.0,,36165
0,0.635,0,0,0,0,0.0,0.0,9128
1,0.132,1,1,0,1,1.0,,84215
0,0.964,0,0,0,0,0.0,0.0,31419
1,0.618,0,1,0,1,0.0,,94969
1,-0.753,0,1,0,0,0.0,1.0,12809
1,1.5219999999999998,0,0,1,1,,,19954
0,0.511,0,0,0,1,0.0,,63233
0,0.109,0,1,0,0,0.0,1.0,12837
0,-1.106,1,1,0,1,1.0,,25873
0,1.157,0,0,0,0,0.0,0.0,2389
0,0.207,0,0,0,0,0.0,0.0,93604
0,-0.158,1,0,0,1,1.0,,66376
1,0.647,0,0,0,0,0.0,0.0,54246
0,-1.496,1,1,0,1,1.0,,90192
0,0.8009999999999999,0,1,1,1,,,45725
0,0.54,0,1,0,1,0.0,,77022
0,-0.745,0,0,0,1,0.0,,92749
0,1.3119999999999998,1,1,0,1,1.0,,29336
0,-0.529,0,0,0,0,0.0,0.0,40600
1,0.403,0,1,0,0,0.0,1.0,80349
1,0.083,0,1,0,0,0.0,1.0,67581
1,-0.911,1,0,0,1,1.0,,37051
0,-0.031,1,1,0,1,1.0,,64320
0,0.397,1,1,0,1,1.0,,68970
0,0.943,0,0,0,0,0.0,0.0,1737
0,-0.035,0,0,0,1,0.0,,35419
0,1.259,0,0,1,1,,,9799
1,0.981,0,0,1,1,,,58595
1,-1.509,0,1,1,1,,,69105
0,0.898,0,0,0,0,0.0,0.0,4279
1,0.479,0,0,0,0,0.0,0.0,65708
0,0.047,1,1,0,1,1.0,,65633
0,0.033,0,1,1,1,,,87155
0,0.069,0,0,0,0,0.0,0.0,25097
0,-0.606,0,0,0,0,0.0,0.0,83700
0,-0.184,1,0,0,1,1.0,,1248
0,0.203,0,1,0,1,0.0,,14376
1,1.243,1,1,1,1,,,47246
0,1.185,0,0,0,1,0.0,,48190
0,0.892,1,1,0,1,1.0,,28698
1,-0.4370000000000001,0,0,0,0,0.0,0.0,52305
0,0.014,1,1,0,1,1.0,,8024
0,-0.8240000000000001,1,1,0,1,1.0,,12528
0,-0.914,1,1,0,1,1.0,,58549
1,1.531,1,1,1,1,,,24620
0,-0.501,1,0,0,1,1.0,,97956
0,1.214,0,0,0,1,0.0,,80773
1,-1.131,0,0,0,0,0.0,0.0,90083
0,-0.64,0,1,0,1,0.0,,79190
0,-0.564,0,1,0,1,0.0,,80277
0,-0.581,0,0,0,1,0.0,,92666
0,-0.878,1,0,0,1,1.0,,98220
0,-0.055,1,0,0,1,1.0,,41820
0,0.96,0,0,0,0,0.0,0.0,92108
0,2.2,1,1,0,1,1.0,,80407
0,0.483,1,1,0,1,1.0,,41834
0,2.039,0,1,1,1,,,60419
0,-0.539,0,0,0,0,0.0,0.0,8877
0,-0.679,1,1,0,1,1.0,,43400
0,-0.969,1,1,0,1,1.0,,16280
0,-0.6970000000000001,1,0,0,1,1.0,,63997
0,0.908,0,1,0,0,0.0,1.0,20567
0,0.958,1,1,0,1,1.0,,72905
1,-1.064,0,1,0,0,0.0,1.0,68666
0,-0.023,1,1,0,1,1.0,,92783
1,-0.11,0,1,1,1,,,92607
1,2.612,0,0,0,0,0.0,0.0,20301
0,-0.236,1,1,0,1,1.0,,27612
0,0.266,1,0,0,1,1.0,,89790
1,-1.0490000000000002,1,0,0,1,1.0,,41632
0,0.297,0,0,0,1,0.0,,70802
0,-0.521,0,1,0,0,0.0,1.0,55317
0,0.851,0,1,0,0,0.0,1.0,61034
0,-0.528,0,1,0,0,0.0,1.0,79459
0,3.027,1,0,0,1,1.0,,91576
0,-0.855,1,1,0,1,1.0,,53308
1,-1.694,1,1,0,1,1.0,,54340
0,0.29100000000000004,0,0,1,1,,,16395
0,0.917,0,1,0,0,0.0,1.0,80382
0,1.5419999999999998,0,0,0,0,0.0,0.0,47552
1,0.985,1,0,0,1,1.0,,39703
0,0.6920000000000001,0,1,0,0,0.0,1.0,259
0,0.084,0,0,0,1,0.0,,73767
1,-1.033,1,1,0,1,1.0,,79072
0,-0.404,0,0,0,0,0.0,0.0,74346
1,-0.555,1,1,0,1,1.0,,45820
0,-0.46,1,1,0,1,1.0,,14701
1,0.307,1,0,1,1,,,3478
0,0.4,1,1,0,1,1.0,,4256
1,0.515,0,1,0,0,0.0,1.0,3292
0,-0.14300000000000002,1,0,0,1,1.0,,41519
0,0.091,1,1,0,1,1.0,,42486
1,1.998,1,0,1,1,,,23052
0,-3.022,0,0,0,0,0.0,0.0,96068
1,1.76,0,1,0,0,0.0,1.0,89702
1,-0.3670000000000001,1,1,0,1,1.0,,78038
1,-0.162,0,1,1,1,,,35562
0,-0.7190000000000001,0,0,0,1,0.0,,78056
0,0.495,1,0,0,1,1.0,,84656
0,-0.275,1,0,0,1,1.0,,7237
0,0.368,0,0,0,0,0.0,0.0,38837
1,-0.95,0,1,0,0,0.0,1.0,71186
0,0.314,0,1,0,0,0.0,1.0,75922
1,-0.64,0,1,0,0,0.0,1.0,18199
0,-1.335,0,1,0,0,0.0,1.0,49125
0,0.107,0,0,0,1,0.0,,26336
1,1.724,1,1,0,1,1.0,,44519
1,0.08900000000000001,0,0,0,0,0.0,0.0,44012
0,-0.101,0,1,0,1,0.0,,84833
0,-1.81,0,0,1,1,,,73781
1,0.241,0,1,1,1,,,86556
1,2.3280000000000003,1,1,0,1,1.0,,96673
0,0.556,0,0,0,1,0.0,,82071
1,1.039,0,0,0,1,0.0,,36688
0,0.392,1,0,0,0,1.0,0.0,99347
0,-2.229,1,1,0,1,1.0,,70040
0,0.111,0,0,0,1,0.0,,11815
0,-0.544,1,0,0,1,1.0,,88780
0,-0.373,0,0,0,1,0.0,,76970
1,0.321,0,1,0,0,0.0,1.0,65177
0,0.438,0,0,0,1,0.0,,10480
0,-0.73,1,1,0,1,1.0,,86039
0,-0.12,1,1,0,1,1.0,,21936
0,0.765,1,0,0,1,1.0,,64843
1,0.6779999999999999,1,1,0,1,1.0,,55265
0,-0.564,1,1,0,1,1.0,,44867
1,-0.199,1,1,0,1,1.0,,82898
0,0.902,0,0,0,1,0.0,,9391
1,-0.611,1,0,0,1,1.0,,4194
0,-0.131,1,1,0,1,1.0,,5919
0,-0.901,0,0,0,1,0.0,,85446
0,-0.617,0,0,0,0,0.0,0.0,9854
0,0.471,1,0,0,1,1.0,,44016
0,1.127,0,0,0,0,0.0,0.0,97899
1,-0.306,0,0,1,1,,,57053
0,-0.151,1,1,0,1,1.0,,19263
0,1.026,0,0,0,0,0.0,0.0,85296
0,-0.402,0,0,0,1,0.0,,53894
1,1.556,0,0,0,0,0.0,0.0,86552
1,-1.072,0,0,0,1,0.0,,44007
0,-0.201,0,0,0,1,0.0,,40568
1,1.493,1,0,1,1,,,67182
1,-0.117,0,0,0,0,0.0,0.0,65836
0,1.75,0,0,0,1,0.0,,52832
0,1.252,1,0,0,1,1.0,,61062
0,-1.557,1,0,0,1,1.0,,66589
0,0.916,1,0,0,1,1.0,,16864
0,-0.014,0,0,0,0,0.0,0.0,17366
0,0.7090000000000001,0,1,0,1,0.0,,54343
0,-0.112,1,0,0,1,1.0,,22337
0,-0.78,0,1,0,0,0.0,1.0,44027
0,-0.369,1,1,0,1,1.0,,2473
1,0.293,1,0,0,1,1.0,,18901
1,-0.482,0,0,1,1,,,79361
0,-0.513,1,0,0,1,1.0,,82274
1,1.598,1,1,1,1,,,48697
0,-1.651,0,1,0,0,0.0,1.0,27256
1,1.435,0,0,1,1,,,96262
0,0.517,0,0,1,1,,,76262
1,-1.131,1,0,0,1,1.0,,98570
0,-0.7190000000000001,0,1,0,1,0.0,,30272
0,-0.265,0,0,0,0,0.0,0.0,32988
0,0.058,0,0,0,1,0.0,,56112
1,0.093,1,0,1,1,,,43615
0,-0.411,1,0,0,1,1.0,,49847
0,-0.747,0,0,0,0,0.0,0.0,48784
0,1.724,1,0,0,1,1.0,,56598
0,0.223,1,1,0,1,1.0,,65356
1,-0.3,1,0,1,1,,,34308
0,-0.915,1,1,0,1,1.0,,41380
0,-1.124,1,1,0,1,1.0,,3527
1,1.832,0,0,0,0,0.0,0.0,3530
1,1.923,0,0,1,1,,,73403
1,1.207,1,1,1,1,,,94268
0,-0.55,0,0,0,1,0.0,,88163
0,0.436,0,1,0,0,0.0,1.0,21660
0,-1.095,1,1,0,1,1.0,,72700
1,1.9,1,0,0,1,1.0,,34201
0,0.546,0,0,1,1,,,9640
0,-0.065,0,0,1,1,,,15291
0,0.987,0,1,0,1,0.0,,54563
0,2.16,0,0,0,0,0.0,0.0,84967
0,-0.524,0,0,0,1,0.0,,18748
1,-0.3720000000000001,0,0,1,1,,,21600
0,-0.025,0,1,0,1,0.0,,92990
0,-0.155,0,1,0,1,0.0,,43004
1,-0.914,0,0,0,0,0.0,0.0,86616
0,-0.701,0,1,0,0,0.0,1.0,41603
0,1.0759999999999998,1,1,0,1,1.0,,94711
0,-0.706,0,1,0,1,0.0,,76586
0,-0.97,0,0,0,1,0.0,,93496
1,-0.374,0,0,0,1,0.0,,1497
0,0.414,0,0,0,0,0.0,0.0,40169
1,-0.17600000000000002,1,1,1,1,,,93896
1,0.115,0,0,1,1,,,68453
1,-1.308,1,0,0,1,1.0,,3037
0,-0.374,0,0,0,1,0.0,,1804
1,0.35700000000000004,0,1,0,0,0.0,1.0,88847
0,0.934,0,1,0,0,0.0,1.0,39588
0,0.254,0,0,0,1,0.0,,2952
0,0.8170000000000001,1,1,0,1,1.0,,75500
1,-0.496,0,0,0,1,0.0,,21365
0,0.076,1,0,1,1,,,49081
0,0.472,1,1,0,1,1.0,,94081
0,0.7170000000000001,1,1,0,1,1.0,,6
1,2.274,1,1,1,1,,,98688
0,0.189,1,0,0,1,1.0,,72172
0,-1.635,0,1,0,0,0.0,1.0,86337
0,-0.998,0,0,0,0,0.0,0.0,43159
0,-0.07400000000000001,0,0,0,0,0.0,0.0,75085
0,-1.287,0,0,0,1,0.0,,86134
1,-0.043,0,0,0,1,0.0,,43876
0,-0.999,0,1,1,1,,,74258
0,0.197,0,1,0,0,0.0,1.0,41436
0,0.426,1,1,0,1,1.0,,60007
1,0.647,0,0,1,1,,,9641
0,-1.1909999999999998,0,1,0,1,0.0,,5487
0,-0.185,1,1,0,1,1.0,,42239
0,0.821,1,0,0,1,1.0,,97997
0,-0.382,0,0,0,1,0.0,,12052
0,1.0759999999999998,1,1,0,1,1.0,,15847
1,-1.236,1,1,0,1,1.0,,49979
0,0.134,1,1,0,1,1.0,,77887
1,-0.578,0,1,1,1,,,6151
1,-1.349,1,1,1,1,,,67587
0,0.196,1,1,0,1,1.0,,65906
0,0.691,1,1,0,1,1.0,,5818
0,0.14800000000000002,0,0,0,1,0.0,,59283
0,1.798,1,0,0,1,1.0,,30028
0,-0.431,0,1,0,1,0.0,,51455
0,-0.716,1,1,0,1,1.0,,13958
1,-0.363,1,1,0,1,1.0,,6298
1,1.754,0,0,1,1,,,59521
1,-0.905,1,1,0,1,1.0,,7147
0,-0.7490000000000001,1,1,0,1,1.0,,79629
1,0.5329999999999999,1,1,0,1,1.0,,41590
0,1.218,0,1,1,1,,,69363
0,0.496,1,1,0,1,1.0,,15034
0,0.613,1,1,0,1,1.0,,66634
0,1.529,0,0,0,1,0.0,,70904
0,0.852,0,1,0,1,0.0,,87101
0,-0.411,1,1,0,1,1.0,,78658
0,0.526,0,1,0,0,0.0,1.0,29611
0,-1.3430000000000002,0,1,0,0,0.0,1.0,42737
0,1.774,0,0,0,1,0.0,,64793
0,2.032,0,0,0,0,0.0,0.0,74648
1,-0.794,1,0,0,1,1.0,,99595
0,0.101,1,0,0,1,1.0,,85383
1,-1.63,1,0,0,0,1.0,0.0,48944
0,-1.721,1,1,0,1,1.0,,86251
0,0.384,0,1,0,0,0.0,1.0,89101
0,0.24,1,1,0,1,1.0,,31899
1,-1.11,0,1,0,1,0.0,,71923
0,-0.14300000000000002,0,1,0,1,0.0,,17861
0,-1.168,0,0,0,1,0.0,,93498
0,-0.755,1,0,0,1,1.0,,13349
0,-0.177,1,1,0,1,1.0,,57356
0,-0.957,0,0,0,1,0.0,,9111
0,-0.705,0,1,0,1,0.0,,54562
0,0.698,0,1,0,1,0.0,,28905
0,0.853,1,0,0,1,1.0,,68459
0,1.3769999999999998,0,0,1,1,,,39216
1,-0.249,0,0,0,1,0.0,,34895
0,2.593,1,1,0,1,1.0,,47737
1,1.311,0,1,1,1,,,94234
0,0.447,1,1,0,1,1.0,,12201
0,-0.019,0,0,0,0,0.0,0.0,98003
0,-0.322,0,1,0,1,0.0,,42564
0,0.726,0,0,0,0,0.0,0.0,59173
1,0.333,1,1,0,1,1.0,,95804
1,1.295,1,1,0,1,1.0,,20097
1,0.5589999999999999,1,1,1,1,,,32334
1,0.403,0,0,0,1,0.0,,29168
1,1.241,1,1,0,1,1.0,,14709
1,0.498,0,1,0,0,0.0,1.0,39036
1,0.233,1,0,0,1,1.0,,65544
0,-1.248,1,1,0,1,1.0,,73286
0,0.968,1,1,0,1,1.0,,15279
0,-0.385,0,1,1,1,,,2973
0,-0.687,0,0,0,1,0.0,,85737
0,0.584,0,1,0,1,0.0,,95289
1,-0.005,1,1,0,1,1.0,,94099
0,-0.637,1,1,0,1,1.0,,89341
0,-1.138,0,1,0,0,0.0,1.0,49244
0,-0.8059999999999999,0,1,0,0,0.0,1.0,73793
1,0.139,0,0,0,0,0.0,0.0,30943
0,1.104,1,1,0,1,1.0,,12232
0,-1.679,0,1,0,0,0.0,1.0,31917
1,-1.653,0,1,1,1,,,39776
0,0.982,0,1,0,1,0.0,,34270
0,0.33,0,1,1,1,,,63427
0,-0.331,0,0,0,1,0.0,,30073
1,-0.8590000000000001,0,0,0,1,0.0,,42019
0,0.009000000000000001,1,0,0,1,1.0,,85698
0,-1.511,0,1,1,1,,,88621
1,-0.867,1,0,0,1,1.0,,39052
0,1.898,0,0,0,1,0.0,,66883
0,1.329,1,0,1,1,,,70340
0,0.68,0,0,0,1,0.0,,25569
1,-0.301,0,1,0,0,0.0,1.0,52566
1,0.82,1,1,1,1,,,13818
1,0.011,0,1,0,0,0.0,1.0,3341
1,-1.766,1,0,0,1,1.0,,1246
0,-0.126,1,1,0,1,1.0,,39271
0,-0.457,0,0,0,0,0.0,0.0,29713
0,1.055,1,1,0,1,1.0,,15715
1,-0.127,0,1,0,0,0.0,1.0,42177
1,0.867,0,0,0,1,0.0,,60196
1,-0.017,0,0,0,0,0.0,0.0,2943
1,0.248,1,1,0,1,1.0,,62425
1,0.419,1,0,0,1,1.0,,20850
0,-0.057,1,1,0,1,1.0,,18174
1,-0.54,0,1,0,1,0.0,,68630
1,-0.6940000000000001,0,0,0,1,0.0,,5792
1,0.3720000000000001,1,0,0,1,1.0,,30268
1,-1.938,1,1,0,1,1.0,,22232
0,0.5379999999999999,0,1,0,0,0.0,1.0,150
1,-1.103,1,1,0,1,1.0,,46152
1,1.332,0,0,0,0,0.0,0.0,4892
1,-0.5,0,0,0,0,0.0,0.0,10296
0,1.54,0,0,0,0,0.0,0.0,62129
1,1.374,0,0,1,1,,,75965
0,1.039,0,0,0,1,0.0,,91094
0,-1.226,1,1,0,1,1.0,,88806
0,-0.373,1,0,0,1,1.0,,45156
0,0.475,0,1,0,0,0.0,1.0,71586
1,0.5760000000000001,1,1,0,1,1.0,,16730
0,0.36,1,1,0,1,1.0,,75312
0,-0.103,1,0,0,1,1.0,,35563
1,-0.239,1,1,1,1,,,8697
1,-0.319,0,0,0,0,0.0,0.0,97450
1,-0.21600000000000005,0,0,1,1,,,80034
0,-1.473,0,1,0,1,0.0,,49818
1,0.377,0,1,0,1,0.0,,86571
0,-0.835,0,0,0,1,0.0,,49416
0,0.775,0,0,0,0,0.0,0.0,89010
1,-0.528,0,0,0,1,0.0,,41637
0,1.294,1,1,0,1,1.0,,99772
1,1.198,1,1,0,1,1.0,,42305
0,-1.328,1,0,0,1,1.0,,41062
0,-0.996,1,1,0,1,1.0,,4822
1,0.53,0,1,0,0,0.0,1.0,26265
1,0.07,0,1,0,1,0.0,,9328
0,0.667,0,1,0,0,0.0,1.0,70328
1,-0.456,0,0,0,1,0.0,,22141
1,1.218,0,1,0,1,0.0,,96615
0,-0.48,0,1,0,0,0.0,1.0,47787
0,-0.725,1,0,0,1,1.0,,79621
1,3.016,0,1,1,1,,,46538
1,-1.712,0,1,0,1,0.0,,18076
0,0.276,1,0,0,1,1.0,,50809
0,0.927,0,0,0,1,0.0,,18235
1,0.529,0,1,0,1,0.0,,86985
0,-0.4370000000000001,0,0,0,1,0.0,,58609
0,-0.7490000000000001,1,1,0,1,1.0,,19519
0,1.3119999999999998,1,1,0,1,1.0,,22339
0,0.838,0,1,0,1,0.0,,31280
0,-0.728,1,0,1,1,,,30313
0,-0.116,0,1,0,1,0.0,,61248
0,0.38,1,0,0,1,1.0,,97134
0,-0.28600000000000003,1,1,0,1,1.0,,81176
0,0.106,1,1,1,1,,,21626
1,0.305,1,1,0,1,1.0,,28319
0,-0.524,0,0,0,0,0.0,0.0,44318
0,-0.5579999999999999,1,0,0,1,1.0,,68814
1,-0.435,1,1,1,1,,,33383
0,2.311,0,1,0,0,0.0,1.0,99450
0,-0.259,0,1,1,1,,,37950
1,0.6990000000000001,1,0,0,1,1.0,,83359
0,0.959,0,0,0,1,0.0,,68360
0,0.933,0,0,0,0,0.0,0.0,68802
1,1.515,1,0,1,1,,,57005
0,-0.507,0,1,0,0,0.0,1.0,39104
1,0.721,0,0,0,0,0.0,0.0,57572
0,1.712,0,0,0,1,0.0,,41741
0,-0.172,1,1,0,1,1.0,,21987
0,-0.753,1,1,0,1,1.0,,97965
1,1.0659999999999998,0,0,0,0,0.0,0.0,9149
0,1.476,0,0,0,0,0.0,0.0,50734
1,0.403,1,1,0,1,1.0,,94224
0,-0.334,1,1,0,1,1.0,,70747
1,0.179,1,0,0,1,1.0,,53324
1,0.812,1,1,0,1,1.0,,69492
0,0.545,0,0,0,0,0.0,0.0,66570
1,-1.913,0,0,0,0,0.0,0.0,39037
0,0.182,0,1,0,1,0.0,,1811
1,-1.089,0,1,1,1,,,23519
1,0.612,1,0,0,1,1.0,,90789
1,0.281,1,1,1,1,,,1088
0,1.476,1,1,0,1,1.0,,97325
0,-1.213,0,1,0,0,0.0,1.0,7179
1,0.68,0,0,1,1,,,62269
1,-0.454,1,1,1,1,,,34552
0,-1.104,1,1,0,1,1.0,,70431
1,-0.763,0,1,0,1,0.0,,12367
0,-0.006999999999999999,0,0,0,1,0.0,,72897
1,0.867,1,1,0,1,1.0,,79099
0,-0.629,0,1,0,0,0.0,1.0,98139
0,-0.594,1,0,0,1,1.0,,43882
1,-0.063,1,1,0,1,1.0,,83348
1,0.752,0,1,1,1,,,44894
0,-0.778,0,0,1,1,,,62473
0,-0.807,0,1,0,0,0.0,1.0,25462
0,-0.619,1,1,0,1,1.0,,49179
0,0.329,0,1,0,0,0.0,1.0,21080
1,-0.752,0,0,0,0,0.0,0.0,37267
0,1.298,1,1,0,1,1.0,,96992
1,-2.7460000000000004,0,0,0,0,0.0,0.0,20874
0,-0.387,0,0,0,0,0.0,0.0,50225
1,-0.085,0,1,0,1,0.0,,71788
1,0.998,1,0,0,1,1.0,,31454
0,-0.25,0,0,0,1,0.0,,74917
0,-0.467,1,1,0,1,1.0,,29616
1,1.482,0,1,0,1,0.0,,10473
1,-2.403,0,0,0,0,0.0,0.0,17574
0,0.001,0,1,0,0,0.0,1.0,82153
1,0.396,0,1,1,1,,,4093
0,0.012,0,0,0,1,0.0,,98235
1,0.493,0,0,0,1,0.0,,771
0,-0.431,0,0,0,1,0.0,,34829
1,-0.6409999999999999,1,1,0,1,1.0,,14859
0,0.772,0,0,0,0,0.0,0.0,19034
0,1.831,0,0,0,0,0.0,0.0,72033
0,-0.523,1,0,0,1,1.0,,81868
0,-0.672,1,0,0,1,1.0,,93697
1,-0.604,0,0,0,0,0.0,0.0,71275
1,0.175,1,1,0,1,1.0,,88767
0,0.598,1,1,0,1,1.0,,13910
0,-0.343,1,1,0,1,1.0,,80206
0,-0.096,0,0,0,0,0.0,0.0,10827
0,-0.493,0,1,1,1,,,37118
0,0.032,0,0,0,1,0.0,,48887
0,0.843,1,1,0,1,1.0,,45244
1,-0.055,1,1,0,1,1.0,,89177
1,0.173,1,0,1,1,,,59489
0,0.853,0,0,0,0,0.0,0.0,39527
1,1.881,0,0,1,1,,,91320
0,-1.112,1,0,0,1,1.0,,22342
1,1.12,1,0,0,1,1.0,,65987
0,1.221,0,1,0,1,0.0,,94595
0,-0.277,0,0,0,0,0.0,0.0,16925
1,-0.414,1,1,0,1,1.0,,46118
0,1.32,0,1,1,1,,,16790
0,1.047,0,0,0,1,0.0,,49682
0,0.7190000000000001,0,1,0,0,0.0,1.0,36965
1,0.64,1,0,0,1,1.0,,56311
0,1.231,0,0,0,0,0.0,0.0,32810
1,0.63,1,1,0,1,1.0,,23022
0,0.103,0,0,0,0,0.0,0.0,90861
0,0.669,0,0,0,0,0.0,0.0,36864
0,0.7909999999999999,0,0,0,1,0.0,,13128
0,-1.018,1,0,0,1,1.0,,87626
1,0.91,1,0,0,1,1.0,,76934
0,-0.512,0,1,0,1,0.0,,98265
0,0.946,0,0,0,0,0.0,0.0,69638
0,1.421,0,0,0,0,0.0,0.0,49641
0,-0.999,0,1,0,1,0.0,,59725
0,-1.652,1,1,0,1,1.0,,92290
1,-0.493,1,1,0,0,1.0,1.0,52176
0,0.305,1,1,0,1,1.0,,41399
1,0.446,0,0,1,1,,,44784
0,-0.023,0,0,0,1,0.0,,50401
0,-1.612,0,0,0,0,0.0,0.0,53085
0,-0.988,1,0,0,1,1.0,,43343
0,0.188,0,1,0,1,0.0,,49253
1,-0.555,0,1,1,1,,,75324
0,2.164,1,1,0,1,1.0,,94617
1,0.508,0,1,1,1,,,18448
0,0.304,0,0,0,1,0.0,,95935
1,0.804,1,1,1,1,,,4529
0,-0.079,1,0,0,1,1.0,,32400
0,-0.079,0,0,0,1,0.0,,80047
1,0.369,1,0,1,1,,,31785
1,-0.991,0,0,0,1,0.0,,57359
1,0.158,1,1,0,1,1.0,,68965
0,0.491,1,1,1,1,,,39834
1,0.445,0,0,1,1,,,64518
1,1.169,0,0,0,0,0.0,0.0,56918
0,-0.7240000000000001,0,1,0,0,0.0,1.0,52559
0,0.17800000000000002,0,1,0,1,0.0,,11101
0,0.159,0,0,0,0,0.0,0.0,5936
0,0.918,1,1,1,1,,,36893
1,-0.042,0,1,0,1,0.0,,80044
0,-1.5730000000000002,0,1,0,1,0.0,,91981
0,-1.047,0,1,0,1,0.0,,64781
1,-1.149,1,0,0,1,1.0,,25698
1,0.33,0,0,0,0,0.0,0.0,68926
1,0.103,1,1,0,1,1.0,,51582
1,-0.011,1,0,0,1,1.0,,90684
0,-0.8809999999999999,1,1,0,1,1.0,,60353
0,-2.051,0,0,0,1,0.0,,65925
1,1.029,0,0,0,0,0.0,0.0,67373
1,1.9,1,1,1,1,,,9066
0,-0.365,0,1,1,1,,,34383
0,-0.652,1,1,0,1,1.0,,48850
0,1.219,0,0,0,1,0.0,,96138
1,-0.883,0,0,0,0,0.0,0.0,82485
0,-1.17,0,1,0,0,0.0,1.0,90499
0,0.852,1,1,0,1,1.0,,42246
0,0.454,1,0,0,1,1.0,,38705
0,1.044,0,0,0,0,0.0,0.0,39404
0,0.5539999999999999,1,1,0,1,1.0,,68380
1,-0.258,0,1,0,0,0.0,1.0,43248
0,-0.226,0,0,0,0,0.0,0.0,73499
1,0.035,1,1,0,1,1.0,,63968
0,0.962,0,1,1,1,,,8199
0,0.105,0,1,0,1,0.0,,89065
0,1.223,0,1,0,0,0.0,1.0,61650
0,1.5719999999999998,0,1,0,1,0.0,,47901
1,0.628,1,1,0,1,1.0,,38442
0,0.188,0,0,0,0,0.0,0.0,10557
1,0.099,1,1,0,1,1.0,,86010
1,0.657,1,1,0,1,1.0,,55387
1,-0.473,1,1,0,1,1.0,,34586
1,-1.416,1,1,0,1,1.0,,70645
1,0.6859999999999999,1,1,1,1,,,3706
0,-0.8690000000000001,1,1,0,1,1.0,,9368
1,-1.65,1,0,0,1,1.0,,63576
0,-2.045,1,0,0,1,1.0,,79069
0,0.215,0,1,0,0,0.0,1.0,78210
0,0.773,1,0,0,1,1.0,,66462
0,-0.5539999999999999,0,0,0,0,0.0,0.0,91015
1,-0.7090000000000001,0,0,0,1,0.0,,39115
1,0.7959999999999999,0,0,0,0,0.0,0.0,58514
0,-1.5,1,0,0,1,1.0,,15512
1,1.185,0,1,0,0,0.0,1.0,92249
0,0.108,0,0,0,0,0.0,0.0,42845
0,-1.495,1,1,0,1,1.0,,38598
0,0.785,0,1,0,0,0.0,1.0,82155
1,-0.063,0,1,0,0,0.0,1.0,70094
0,1.683,0,1,0,1,0.0,,3458
0,0.097,0,1,0,1,0.0,,73324
1,1.029,0,1,0,1,0.0,,95235
1,-3.846,1,0,0,1,1.0,,80481
0,-0.821,1,1,0,1,1.0,,74916
1,0.282,1,0,0,1,1.0,,38601
0,-1.467,1,1,0,1,1.0,,72583
1,-0.188,0,1,0,0,0.0,1.0,64736
0,-0.476,0,0,0,1,0.0,,23739
0,1.779,0,0,0,0,0.0,0.0,96017
0,0.05,0,0,0,1,0.0,,9775
1,0.696,0,0,0,1,0.0,,9691
1,0.149,0,1,0,1,0.0,,50362
0,-1.851,0,1,0,1,0.0,,66824
0,0.37,1,0,0,1,1.0,,66258
0,-0.617,0,0,0,0,0.0,0.0,8719
1,0.831,1,1,0,1,1.0,,72751
0,1.971,0,0,0,0,0.0,0.0,58886
0,3.419,1,1,0,1,1.0,,48401
0,1.746,0,1,0,0,0.0,1.0,41199
1,-0.599,1,1,1,1,,,60646
1,-2.189,0,0,0,0,0.0,0.0,21869
0,-1.888,1,0,1,1,,,25450
0,-0.093,0,0,0,0,0.0,0.0,16651
0,0.575,1,1,0,1,1.0,,80642
1,1.307,0,0,1,1,,,66111
1,0.302,1,0,1,1,,,83427
1,-0.085,0,0,0,0,0.0,0.0,53791
1,-0.454,1,0,0,1,1.0,,67871
0,-1.516,0,0,0,1,0.0,,91160
1,-2.232,1,1,0,1,1.0,,9802
0,0.8859999999999999,0,1,0,1,0.0,,66152
0,-0.8370000000000001,0,0,0,0,0.0,0.0,5518
0,-0.258,0,1,0,1,0.0,,91153
0,1.6980000000000002,0,0,0,1,0.0,,19209
1,1.5119999999999998,0,1,0,0,0.0,1.0,72284
0,-1.34,0,0,0,0,0.0,0.0,97452
0,0.703,0,0,0,0,0.0,0.0,78674
0,1.138,0,0,0,0,0.0,0.0,25111
1,-1.87,1,0,0,1,1.0,,31194
0,0.118,1,1,0,1,1.0,,4556
0,0.6829999999999999,1,0,0,1,1.0,,71036
0,-0.18600000000000005,0,0,0,1,0.0,,39658
0,-0.495,0,1,0,0,0.0,1.0,91121
1,0.01,0,0,0,0,0.0,0.0,19126
0,-0.35700000000000004,1,1,0,1,1.0,,2566
0,-0.073,0,1,0,1,0.0,,25558
1,0.28300000000000003,1,0,0,1,1.0,,96101
1,0.041,0,0,0,1,0.0,,45080
1,-0.162,0,1,1,1,,,97674
0,-1.557,0,0,0,1,0.0,,17196
0,-0.8079999999999999,0,1,0,0,0.0,1.0,76936
1,1.485,1,1,0,1,1.0,,91150
0,-0.866,0,1,0,1,0.0,,91285
0,0.181,1,0,0,1,1.0,,99024
1,0.956,1,1,1,1,,,96513
0,0.955,0,0,0,0,0.0,0.0,7055
0,-1.225,1,1,0,1,1.0,,59935
1,2.821,0,0,0,1,0.0,,97895
1,1.818,0,0,0,0,0.0,0.0,30667
0,-0.255,1,1,0,1,1.0,,34692
1,-0.5579999999999999,0,0,0,1,0.0,,19892
1,-1.777,1,1,0,1,1.0,,89102
1,1.826,0,1,0,0,0.0,1.0,38299
0,-0.24,0,0,0,0,0.0,0.0,33048
1,-1.258,0,0,0,1,0.0,,75111
0,-0.757,1,1,0,1,1.0,,8291
1,-0.003,1,1,0,1,1.0,,32326
0,-1.514,0,0,0,0,0.0,0.0,86550
1,0.012,0,1,0,0,0.0,1.0,70697
0,0.733,1,1,0,1,1.0,,1458
1,-0.055,1,1,0,1,1.0,,9972
1,1.456,1,0,0,1,1.0,,25511
1,0.218,0,1,1,1,,,96159
0,2.051,0,0,0,1,0.0,,86879
1,-0.18,0,1,0,0,0.0,1.0,80352
0,0.7909999999999999,0,0,0,1,0.0,,96659
0,-1.09,0,0,0,1,0.0,,53690
0,0.096,0,1,0,1,0.0,,85720
0,-0.234,0,0,0,1,0.0,,2291
0,0.98,1,1,0,1,1.0,,20685
1,0.495,1,0,0,1,1.0,,46919
1,-0.057,1,1,0,1,1.0,,72318
0,-0.255,1,1,0,1,1.0,,70919
1,-0.8540000000000001,1,0,0,1,1.0,,71160
0,-0.017,0,1,0,1,0.0,,52754
0,1.225,0,0,0,0,0.0,0.0,30705
1,-0.884,1,1,0,1,1.0,,17527
0,-1.844,1,0,0,1,1.0,,92480
0,-0.522,0,0,0,0,0.0,0.0,39890
0,0.825,0,0,0,0,0.0,0.0,14858
0,0.835,1,0,0,1,1.0,,65900
1,-0.439,1,1,0,1,1.0,,14738
0,-0.504,0,1,0,1,0.0,,86863
1,-1.167,0,0,1,1,,,99135
0,-0.355,1,0,0,1,1.0,,75561
1,-0.672,0,0,0,0,0.0,0.0,73579
0,-1.073,1,1,0,1,1.0,,3529
0,1.105,1,1,0,1,1.0,,30986
0,-1.48,1,1,0,1,1.0,,74169
0,-0.204,1,1,1,1,,,76359
1,0.321,0,0,0,1,0.0,,83058
1,0.398,1,1,1,1,,,39281
0,0.6990000000000001,1,0,0,1,1.0,,83277
1,-0.933,1,0,0,1,1.0,,27150
0,1.551,0,0,0,1,0.0,,8886
1,-1.5319999999999998,1,0,0,1,1.0,,6522
1,2.817,1,0,1,1,,,26843
1,0.412,1,1,0,1,1.0,,31688
1,0.225,0,1,0,0,0.0,1.0,12502
1,-0.194,0,1,0,1,0.0,,32862
0,1.471,0,0,0,1,0.0,,47215
1,1.176,1,0,0,1,1.0,,5600
0,0.21600000000000005,1,0,0,1,1.0,,31694
1,-0.308,0,0,0,0,0.0,0.0,43627
0,-0.745,1,1,0,1,1.0,,26319
0,1.298,0,1,0,1,0.0,,9549
1,0.985,1,0,0,1,1.0,,27450
1,0.688,0,1,0,0,0.0,1.0,41568
1,1.546,0,1,0,0,0.0,1.0,73409
1,-0.991,1,0,0,1,1.0,,94914
0,0.35200000000000004,1,0,0,1,1.0,,89299
1,0.872,1,1,0,1,1.0,,1841
1,0.098,1,1,0,1,1.0,,33253
0,-0.6779999999999999,0,1,0,1,0.0,,50994
0,-0.193,1,0,0,1,1.0,,23388
0,-1.838,1,1,0,1,1.0,,5744
0,-0.478,0,0,0,1,0.0,,23500
0,0.463,0,0,0,1,0.0,,40402
0,0.361,1,1,0,1,1.0,,64680
1,0.307,1,1,0,1,1.0,,79446
0,-1.479,0,0,0,0,0.0,0.0,9804
0,0.002,0,1,0,0,0.0,1.0,53492
1,1.49,1,1,1,1,,,19904
0,-0.057,0,0,0,0,0.0,0.0,65044
1,-0.865,1,1,0,1,1.0,,15553
0,0.529,0,1,0,1,0.0,,74111
0,0.011,1,1,0,1,1.0,,82065
0,-1.304,0,1,0,0,0.0,1.0,66544
0,0.617,0,0,0,0,0.0,0.0,72151
0,1.15,0,0,0,1,0.0,,27112
0,0.0,0,0,0,0,0.0,0.0,96751
0,-0.436,1,0,0,1,1.0,,87636
0,2.094,0,1,1,1,,,13107
0,1.49,0,0,0,1,0.0,,94165
0,0.09,1,1,0,1,1.0,,61818
1,0.512,0,1,0,1,0.0,,60
0,-1.756,1,1,0,1,1.0,,29099
0,-0.449,1,1,0,1,1.0,,59112
0,0.306,0,1,0,1,0.0,,13036
1,-1.1840000000000002,0,0,0,1,0.0,,5460
0,-1.651,1,1,0,1,1.0,,97235
1,-0.253,0,0,0,0,0.0,0.0,7879
1,1.367,1,1,1,1,,,52036
0,-0.095,0,0,0,0,0.0,0.0,86707
0,1.194,1,0,0,1,1.0,,5517
0,-1.331,0,0,0,0,0.0,0.0,99705
1,0.128,0,1,0,1,0.0,,87273
0,-0.885,0,0,0,1,0.0,,64697
1,0.643,0,0,0,1,0.0,,72559
0,-0.354,0,0,0,1,0.0,,64538
0,0.076,1,1,0,1,1.0,,97583
0,0.019,0,0,0,1,0.0,,56593
1,1.582,0,1,1,1,,,85872
0,-0.6679999999999999,0,0,0,0,0.0,0.0,89811
0,1.479,0,0,0,1,0.0,,89304
1,2.085,1,0,0,1,1.0,,86385
1,-2.689,0,0,1,1,,,34453
0,0.214,1,1,0,1,1.0,,44881
0,-2.085,0,1,0,1,0.0,,33927
0,2.012,1,0,0,1,1.0,,41949
0,0.236,0,1,0,0,0.0,1.0,64189
1,-0.826,1,1,0,1,1.0,,97716
0,0.509,0,0,0,0,0.0,0.0,73343
0,0.071,0,0,0,0,0.0,0.0,19512
1,-0.011,0,0,0,0,0.0,0.0,78172
0,-2.282,0,1,0,0,0.0,1.0,65641
0,-1.345,0,0,0,0,0.0,0.0,55403
0,0.871,1,1,1,1,,,71857
1,0.085,0,0,1,1,,,14032
0,0.894,0,0,0,0,0.0,0.0,8799
1,-0.366,1,1,0,1,1.0,,28229
1,-1.124,0,0,0,1,0.0,,78258
0,0.302,1,1,0,1,1.0,,42660
0,-0.637,0,0,0,1,0.0,,61925
0,-0.05,0,1,0,1,0.0,,65135
1,2.229,1,1,0,1,1.0,,62025
1,0.231,1,0,1,1,,,25329
0,-0.851,0,0,0,1,0.0,,82172
0,0.921,1,1,0,1,1.0,,37429
1,0.338,0,0,0,0,0.0,0.0,80538
0,2.5340000000000003,0,0,1,1,,,82030
0,-1.915,1,1,0,1,1.0,,36719
0,-0.385,0,1,0,1,0.0,,6160
1,-0.257,1,0,1,1,,,73974
0,0.048,0,1,0,1,0.0,,72133
0,-0.805,0,1,0,1,0.0,,1568
1,-1.525,1,0,1,1,,,72335
0,0.199,0,0,0,0,0.0,0.0,4149
1,-0.682,1,0,0,1,1.0,,10844
1,-0.381,0,0,0,0,0.0,0.0,72179
1,0.578,1,1,0,1,1.0,,64629
0,0.16699999999999998,0,0,0,1,0.0,,26318
0,-0.231,0,0,0,0,0.0,0.0,46612
0,-3.5380000000000003,1,1,0,1,1.0,,83185
1,-1.164,1,1,0,1,1.0,,53779
0,-0.4920000000000001,0,0,0,0,0.0,0.0,26557
1,1.235,0,1,0,1,0.0,,71442
0,-1.137,0,1,0,0,0.0,1.0,52114
0,0.964,0,1,0,1,0.0,,5238
0,-0.7979999999999999,1,1,0,1,1.0,,37908
0,-0.126,0,0,0,1,0.0,,39195
0,0.387,1,0,0,1,1.0,,23143
0,-1.106,0,0,0,0,0.0,0.0,68214
1,-1.778,1,1,0,1,1.0,,51838
0,-0.318,1,0,0,1,1.0,,66448
0,-1.538,1,0,0,1,1.0,,59644
0,-0.579,1,1,1,1,,,98002
1,-1.279,1,1,0,1,1.0,,72150
0,-2.679,0,0,0,0,0.0,0.0,70067
0,-0.023,1,1,0,1,1.0,,53125
0,-1.2009999999999998,0,1,0,1,0.0,,3658
1,1.55,0,0,0,0,0.0,0.0,77962
1,-0.611,1,1,0,1,1.0,,5226
1,0.66,0,1,1,1,,,81725
1,2.339,1,1,0,1,1.0,,23269
0,-0.003,1,0,0,1,1.0,,16861
1,-1.27,0,1,0,1,0.0,,47651
1,-0.957,0,0,1,1,,,12571
0,0.55,1,1,0,1,1.0,,90020
0,0.746,1,1,0,1,1.0,,88133
0,1.071,1,1,0,1,1.0,,70506
0,0.029,1,1,0,1,1.0,,44570
0,-0.05,1,1,0,1,1.0,,99791
0,0.473,0,0,0,0,0.0,0.0,29258
1,0.778,1,1,1,1,,,3880
1,0.13699999999999998,1,1,1,1,,,64716
1,-0.365,0,0,0,0,0.0,0.0,47376
0,-1.3,1,1,0,1,1.0,,58119
1,-1.3159999999999998,1,1,0,1,1.0,,31307
0,0.319,0,0,1,1,,,47771
0,2.133,0,0,0,0,0.0,0.0,48155
0,1.901,1,1,1,1,,,76138
1,-0.613,1,0,0,1,1.0,,95068
0,1.093,1,0,0,1,1.0,,50464
0,0.81,0,1,0,1,0.0,,44270
0,1.081,0,1,0,1,0.0,,47595
1,0.39,1,0,0,1,1.0,,95926
1,-1.425,0,0,0,1,0.0,,15560
1,0.17800000000000002,1,0,0,1,1.0,,40907
1,0.715,1,0,0,1,1.0,,17139
0,0.565,1,1,1,1,,,5589
0,1.868,1,0,0,1,1.0,,24005
1,-0.09,0,1,0,0,0.0,1.0,33106
1,0.581,0,0,1,1,,,47333
0,-0.272,0,0,0,1,0.0,,16712
0,-1.11,1,0,0,1,1.0,,262
0,0.399,0,1,0,1,0.0,,28408
0,0.65,0,1,0,0,0.0,1.0,82580
0,-1.3430000000000002,0,0,0,1,0.0,,78500
1,-0.268,1,1,0,1,1.0,,64930
0,-0.715,1,1,0,1,1.0,,18559
0,1.127,0,1,0,1,0.0,,30094
1,0.411,0,0,0,1,0.0,,73867
1,1.483,1,1,0,1,1.0,,98734
1,0.787,0,0,0,0,0.0,0.0,3426
1,0.727,0,1,0,1,0.0,,2945
0,-0.134,0,0,0,0,0.0,0.0,1928
0,-0.331,0,0,0,1,0.0,,78499
0,1.89,1,1,0,1,1.0,,36117
0,0.5870000000000001,1,1,0,1,1.0,,10988
1,0.894,0,0,0,1,0.0,,97282
0,0.198,0,1,0,0,0.0,1.0,24288
0,-0.6829999999999999,1,0,0,1,1.0,,39992
0,0.219,0,0,1,1,,,34672
1,-0.846,0,0,0,0,0.0,0.0,38797
0,-0.642,1,0,0,1,1.0,,48011
0,-0.443,1,1,0,1,1.0,,42696
1,-1.406,1,1,0,1,1.0,,2840
1,0.064,0,1,0,1,0.0,,2575
1,-1.032,0,1,1,1,,,60485
0,0.064,1,0,0,1,1.0,,45019
1,0.596,1,1,0,1,1.0,,72695
0,1.012,1,1,0,1,1.0,,73927
1,1.366,0,0,0,1,0.0,,49411
1,-1.599,0,1,1,1,,,86658
0,2.276,1,1,0,1,1.0,,86502
1,-0.972,0,0,0,1,0.0,,94348
1,-0.501,0,0,0,1,0.0,,16490
0,-1.372,0,1,0,0,0.0,1.0,20646
1,-0.983,1,1,0,1,1.0,,17177
1,1.547,0,0,1,1,,,8952
0,0.382,1,1,0,1,1.0,,46485
0,-1.084,1,0,0,1,1.0,,33992
1,0.7,0,0,0,0,0.0,0.0,71338
0,1.264,0,0,0,1,0.0,,5644
1,0.243,0,0,0,1,0.0,,50947
0,-0.794,1,0,0,1,1.0,,900
1,-1.598,0,1,0,0,0.0,1.0,93352
0,-1.335,1,1,0,1,1.0,,10646
1,-0.121,0,0,0,0,0.0,0.0,96301
0,1.036,1,0,0,1,1.0,,85402
0,0.14800000000000002,1,0,0,1,1.0,,37550
0,-1.339,0,1,0,0,0.0,1.0,74585
0,-0.375,0,1,0,1,0.0,,8009
0,0.982,1,1,0,1,1.0,,7642
0,1.346,0,1,0,1,0.0,,82083
0,-1.054,0,1,0,1,0.0,,75071
0,0.8109999999999999,0,1,0,0,0.0,1.0,44205
0,-0.192,1,0,0,1,1.0,,32005
1,-0.488,0,0,0,1,0.0,,76025
1,0.198,1,0,0,1,1.0,,12276
0,-0.456,1,0,0,1,1.0,,34489
0,0.336,0,0,0,0,0.0,0.0,26626
1,0.162,0,0,0,1,0.0,,50032
0,-0.746,1,0,0,1,1.0,,20598
0,0.992,1,1,0,1,1.0,,75997
0,0.159,1,1,0,1,1.0,,85749
1,0.8959999999999999,1,0,0,1,1.0,,29309
1,-0.138,1,1,0,1,1.0,,42861
0,0.35200000000000004,0,0,0,0,0.0,0.0,70761
0,1.094,0,1,0,0,0.0,1.0,39408
0,1.014,0,0,0,0,0.0,0.0,38067
1,0.248,1,1,0,1,1.0,,19114
1,-2.353,1,1,0,1,1.0,,40772
0,-0.647,0,0,0,1,0.0,,44263
0,0.5329999999999999,0,0,0,1,0.0,,51261
0,0.877,1,1,0,1,1.0,,83537
0,0.8759999999999999,0,0,0,0,0.0,0.0,41543
0,1.038,1,0,0,1,1.0,,39483
0,-0.31,0,1,0,0,0.0,1.0,40864
1,0.146,0,0,0,1,0.0,,69590
1,2.551,0,0,0,0,0.0,0.0,17514
1,1.046,1,1,1,1,,,90727
0,0.201,0,0,0,0,0.0,0.0,88211
0,0.19,1,0,0,1,1.0,,78981
0,2.225,0,0,0,0,0.0,0.0,40690
0,1.433,0,0,0,0,0.0,0.0,72264
1,-0.477,0,1,0,0,0.0,1.0,44755
0,0.5589999999999999,0,1,0,0,0.0,1.0,35003
0,1.158,0,0,0,1,0.0,,60148
0,-0.342,0,1,0,1,0.0,,95758
0,-2.083,0,0,0,1,0.0,,40281
